name	id_mk	id_recipe	level	id_item	count	mp_cost	success_rate	materials_cnt	materials_m[0]_id	materials_m[0]_cnt	materials_m[1]_id	materials_m[1]_cnt	materials_m[2]_id	materials_m[2]_cnt	materials_m[3]_id	materials_m[3]_cnt	materials_m[4]_id	materials_m[4]_cnt	materials_m[5]_id	materials_m[5]_cnt	materials_m[6]_id	materials_m[6]_cnt	materials_m[7]_id	materials_m[7]_cnt	materials_m[8]_id	materials_m[8]_cnt	materials_m[9]_id	materials_m[9]_cnt
a,mk_wooden_arrow\0	1	1666	1	17	500	30	100	2	1864	4	1869	2																
a,mk_broad_sword\0	2	1786	1	3	1	30	100	3	2005	1	1869	18	1870	18														
a,mk_willow_staff\0	3	1787	1	8	1	30	100	4	2006	1	1869	12	1872	24	1864	12												
a,mk_bow\0	4	1788	1	14	1	30	100	4	2007	1	1869	20	1878	4	1866	4												
a,mk_cedar_staff\0	5	1789	1	9	1	45	100	4	2008	2	1869	55	1872	110	1864	55												
a,mk_dirk\0	6	1790	1	216	1	45	100	3	2009	2	1869	80	1870	80														
a,mk_brandish\0	7	1791	1	1333	1	45	100	3	2010	2	1869	110	1870	55														
a,mk_short_spear\0	8	1792	1	15	1	60	100	4	2011	3	1869	220	1870	110	1866	55												
a,mk_sword_of_reflexion\0	9	1793	1	120	1	60	100	3	2012	3	1869	200	1870	200														
a,mk_bow_of_forest\0	10	1794	1	272	1	60	100	4	2013	3	1869	225	1878	45	1866	45												
a,mk_leather_shoes\0	11	1795	1	37	1	45	100	3	1921	2	1867	8	1866	1														
a,mk_leather_tunic\0	12	1796	1	429	1	45	100	3	1922	2	1867	24	1868	12														
a,mk_leather_hose\0	13	1797	1	464	1	45	100	3	1923	2	1867	12	1868	12														
a,mk_leather_helmet\0	14	1798	1	44	1	60	100	3	1924	3	1866	15	1867	12														
a,mk_leather_gloves\0	15	1799	1	50	1	60	100	3	1925	3	1867	24	1866	3														
a,mk_piece_bone_breastplate\0	16	1800	1	25	1	63	100	3	1926	3	1883	3	1869	30														
a,mk_piece_bone_gaiters\0	17	1801	1	32	1	63	100	3	1928	3	1883	2	1872	14														
a,mk_necklace_of_anguish\0	18	1802	1	907	1	45	100	3	1896	2	1864	20	1865	4														
a,mk_necklace_of_wisdom\0	19	1803	1	908	1	60	100	3	1897	3	1864	50	1865	10														
a,mk_soulshot_d\0	20	1804	2	1463	156	40	100	2	1785	3	1458	1																
a,mk_soulshot_c\0	21	1805	4	1464	476	70	100	2	1785	15	1459	1																
a,mk_soulshot_b\0	22	1806	6	1465	450	100	100	2	1785	54	1460	1																
a,mk_soulshot_a\0	23	1807	7	1466	300	120	100	2	1785	36	1461	1																
a,mk_soulshot_s\0	24	1808	8	1467	350	150	100	2	1785	40	1462	1																
a,mk_leather\0	25	1814	1	1882	1	10	100	1	1867	6																		
a,mk_cord\0	26	1817	2	1884	20	20	100	2	1880	2	1868	25																
a,mk_oriharukon\0	27	1825	4	1893	1	40	100	3	1888	1	1873	12	1874	4														
a,mk_braided_hemp\0	28	2135	1	1878	1	10	100	1	1864	5																		
a,mk_cokes\0	29	2136	1	1879	1	10	100	2	1870	3	1871	3																
a,mk_steel\0	30	2137	1	1880	1	10	100	2	1865	5	1869	5																
a,mk_coarse_bone_powder\0	31	2138	1	1881	1	10	100	1	1872	10																		
a,mk_steel_mold\0	32	2139	2	1883	1	20	100	3	1878	5	1869	5	1870	5														
a,mk_high_grade_suede\0	33	2140	2	1885	1	20	100	2	1881	1	1866	3																
a,mk_silver_mold\0	34	2141	2	1886	1	20	100	3	1878	5	1879	5	1873	10														
a,mk_varnish_of_purity\0	35	2142	2	1887	1	20	100	3	1881	3	1865	3	1875	1														
a,mk_synthesis_cokes\0	36	2143	2	1888	1	20	100	2	1879	3	1874	1																
a,mk_compound_braid\0	37	2144	2	1889	1	20	100	2	1878	5	1868	5																
a,mk_mithirl_alloy\0	38	2145	4	1890	1	40	100	3	1887	1	1880	2	1876	1														
a,mk_artisan's_frame\0	39	2146	4	1891	1	40	100	3	1883	1	1887	5	1877	10														
a,mk_blacksmith's_frame\0	40	2147	4	1892	1	40	100	3	1886	1	1887	5	1876	10														
a,mk_crafted_leather\0	41	2148	4	1894	1	40	100	3	1884	4	1882	4	1870	4														
a,mk_metallic_fiber\0	42	2149	4	1895	20	40	100	2	1884	20	1873	15																
a,mk_blue_diamond_necklace\0	43	2150	1	909	1	72	100	3	1898	3	1864	80	1865	16														
a,mk_necklace_of_devotion\0	44	2151	2	910	1	84	100	5	1899	4	1886	1	1878	15	1865	3	2130	2										
a,mk_enchanted_necklace\0	45	2152	2	911	1	96	100	6	1900	5	1886	1	1878	15	1865	3	1458	18	2130	3								
a,mk_tiger'seye_earing\0	46	2153	3	849	1	108	100	6	1901	6	1886	1	1884	30	1865	6	1458	22	2130	4								
a,mk_elven_earing\0	47	2154	3	850	1	120	100	6	1902	7	1886	1	1884	60	1865	12	1458	30	2130	6								
a,mk_elven_ring\0	48	2155	3	881	1	120	100	6	1903	7	1886	1	1884	30	1865	6	1458	20	2130	4								
a,mk_elven_necklace\0	49	2156	3	913	1	120	100	6	1904	7	1886	1	1878	70	1865	14	1458	38	2130	9								
a,mk_onyxbeast'seye_earing\0	50	2157	4	851	1	129	100	6	1905	8	1886	1	1884	90	1865	18	1458	40	2130	8								
a,mk_mithril_ring\0	51	2158	4	882	1	129	100	6	1906	8	1886	1	1884	50	1865	10	1458	25	2130	5								
a,mk_necklace_of_darkness\0	52	2159	4	914	1	129	100	6	1907	8	1886	1	1878	90	1865	18	1458	50	2130	12								
a,mk_moonstone_earing\0	53	2160	4	852	1	138	100	6	1908	8	1892	1	1895	5	1887	1	1458	30	2131	4								
a,mk_aquastone_ring\0	54	2161	4	883	1	138	100	6	1909	8	1886	1	1895	15	1887	3	1458	25	2131	2								
a,mk_aquastone_necklace\0	55	2162	4	915	1	138	100	6	1910	8	1892	1	1889	5	1887	1	1458	65	2131	5								
a,mk_earing_of_protection\0	56	2163	5	853	1	147	100	6	1911	9	1892	1	1895	5	1887	1	1459	14	2131	5								
a,mk_ring_of_protection\0	57	2164	5	884	1	147	100	6	1912	9	1886	1	1895	15	1887	3	1459	10	2131	3								
a,mk_necklace_of_protection\0	58	2165	5	916	1	147	100	6	1913	9	1892	1	1889	10	1887	2	1459	16	2131	7								
a,mk_earing_of_binding\0	59	2166	5	854	1	156	100	6	1914	10	1892	1	1895	20	1887	4	1459	22	2131	8								
a,mk_ring_of_ages\0	60	2167	5	885	1	156	100	6	1915	10	1886	1	1895	30	1887	6	1459	12	2131	5								
a,mk_necklace_of_mermaid\0	61	2168	5	917	1	156	100	6	1916	10	1892	1	1889	20	1887	4	1459	26	2131	11								
a,mk_necklace_of_binding\0	62	2169	6	119	1	165	100	6	1920	11	1892	1	1889	35	1887	7	1459	38	2131	16								
a,mk_nassen's_earing\0	63	2170	6	855	1	165	100	6	1918	11	1892	1	1895	45	1887	9	1459	28	2131	12								
a,mk_ring_of_sage\0	64	2171	7	891	1	183	100	8	2171	1	1919	13	1892	1	1895	50	1887	10	4044	10	1460	18	2132	4				
a,mk_sage's_necklace\0	65	2172	7	922	1	183	100	8	2172	1	1917	13	4048	1	1889	55	1887	11	4044	11	1460	37	2132	8				
a,mk_hard_leather_shirt\0	66	2173	1	27	1	72	100	3	1927	3	1867	110	1868	55														
a,mk_hard_leather_gaiters\0	67	2174	1	33	1	72	100	3	1929	3	1867	55	1868	55														
a,mk_boots\0	68	2175	1	39	1	72	100	3	1930	3	1867	40	1866	5														
a,mk_leather_boots\0	69	2176	2	40	1	84	100	4	1931	4	1882	8	1885	1	2130	1												
a,mk_bone_helmet\0	70	2177	2	45	1	84	100	4	1932	4	1883	1	1882	15	2130	2												
a,mk_dark_hose\0	71	2178	2	467	1	96	100	5	1933	5	1882	20	1884	20	1458	20	2130	4										
a,mk_excellence_leather_gloves\0	72	2179	2	604	1	84	100	4	1934	4	1882	8	1885	1	2130	1												
a,mk_scale_mail\0	73	2180	2	348	1	96	100	5	1935	5	1883	3	1880	20	1458	40	2130	9										
a,mk_white_tunic\0	74	2181	2	434	1	96	100	5	1936	5	1882	40	1884	20	1458	28	2130	7										
a,mk_scale_gaiters\0	75	2182	2	377	1	96	100	5	1937	5	1883	2	1880	14	1458	20	2130	5										
a,mk_mithril_banded_mail\0	76	2183	3	393	1	108	100	5	1938	6	1883	3	1880	25	1458	45	2130	11										
a,mk_mithril_banded_gaiters\0	77	2184	3	415	1	108	100	5	1939	6	1883	2	1880	14	1458	30	2130	6										
a,mk_iron_boots\0	78	2185	3	553	1	108	100	5	1940	6	1882	16	1885	2	1458	16	2130	3										
a,mk_brigandine\0	79	2186	3	352	1	120	100	5	1941	7	1883	3	1880	54	1458	90	2130	24										
a,mk_manticor_skin_shirt\0	80	2187	3	395	1	120	100	5	1942	7	1882	84	1884	42	1458	70	2130	17										
a,mk_manticor_skin_gaiters\0	81	2188	3	417	1	120	100	5	1943	7	1882	45	1884	45	1458	45	2130	10										
a,mk_mithril_tunic\0	82	2189	3	437	1	120	100	5	1944	7	1882	84	1884	42	1458	70	2130	17										
a,mk_mithril_hose\0	83	2190	3	470	1	120	100	5	1945	7	1882	45	1884	45	1458	45	2130	10										
a,mk_gauntlet_of_repose_of_the_soul\0	84	2191	3	606	1	120	100	5	1946	7	1882	24	1885	3	1458	24	2130	5										
a,mk_kite_shield\0	85	2192	3	629	1	120	100	6	1947	7	1880	12	1879	4	1882	4	1458	24	2130	5								
a,mk_boots_of_power\0	86	2193	3	1124	1	120	100	5	1948	7	1882	24	1885	3	1458	24	2130	5										
a,mk_mithril_glove\0	87	2194	4	61	1	129	100	5	1949	8	1882	32	1885	4	1458	30	2130	6										
a,mk_half_plate\0	88	2195	4	353	1	129	100	5	1950	8	1883	3	1880	70	1458	120	2130	32										
a,mk_plate_gaiters\0	89	2196	4	380	1	129	100	5	1951	8	1883	2	1880	45	1458	70	2130	19										
a,mk_slamander_skin_mail\0	90	2197	4	396	1	129	100	6	1952	8	1882	140	1884	70	1878	35	1458	130	2130	36								
a,mk_sage's_rag\0	91	2198	4	438	1	129	100	6	1953	8	1882	140	1884	70	1878	35	1458	130	2130	36								
a,mk_karmian_hose\0	92	2199	4	471	1	138	100	5	1954	8	1894	15	1895	15	1458	70	2131	6										
a,mk_chain_helmet\0	93	2200	4	497	1	129	100	5	1955	8	1883	1	1882	60	1458	45	2130	10										
a,mk_square_shield\0	94	2201	4	630	1	129	100	6	1956	8	1880	15	1879	5	1882	5	1458	32	2130	7								
a,mk_assault_boots\0	95	2202	4	1125	1	129	100	5	1957	8	1882	32	1885	4	1458	30	2130	6										
a,mk_mithril_boots\0	96	2203	4	62	1	138	100	5	1958	8	1894	8	1885	1	1458	40	2130	9										
a,mk_chain_mail_shirt\0	97	2204	4	354	1	138	100	5	1959	8	1892	3	1890	1	1458	150	2131	14										
a,mk_chain_gaiters\0	98	2205	4	381	1	138	100	5	1960	8	1892	2	1890	1	1458	90	2131	8										
a,mk_tempered_mithril_shirt\0	99	2206	4	397	1	138	100	5	1961	8	1894	24	1895	12	1458	120	2131	10										
a,mk_karmian_tunic\0	100	2207	4	439	1	138	100	5	1962	8	1894	24	1895	12	1458	120	2131	10										
a,mk_ogre_power_gauntlet\0	101	2208	4	607	1	129	100	5	1963	8	1882	32	1885	4	1458	30	2130	6										
a,mk_eldarake\0	102	2209	4	631	1	138	100	6	1964	8	1890	3	1888	1	1894	1	1458	40	2131	3								
a,mk_metal_plate_helmet\0	103	2210	4	498	1	141	100	5	1965	9	1892	1	1894	3	1459	14	2131	5										
a,mk_plate_leather\0	104	2211	5	398	1	144	100	5	1966	9	1894	30	1895	15	1459	30	2131	12										
a,mk_plate_leather_gaiters\0	105	2212	5	418	1	144	100	5	1967	9	1894	18	1895	18	1459	18	2131	7										
a,mk_dwarven_chain_mail_shirt\0	106	2213	5	355	1	147	100	5	1968	9	1892	3	1890	5	1459	42	2131	19										
a,mk_dwarven_chain_gaiters\0	107	2214	5	382	1	147	100	5	1969	9	1892	2	1890	3	1459	25	2131	11										
a,mk_robe_of_seal\0	108	2215	5	440	1	147	100	6	1970	9	1894	40	1895	20	1889	10	1459	50	2131	21								
a,mk_great_helmet\0	109	2216	5	500	1	147	100	5	1971	9	1892	1	1894	6	1459	16	2131	6										
a,mk_knight_shield\0	110	2217	5	632	1	147	100	6	1972	9	1890	4	1888	1	1894	1	1459	12	2131	4								
a,mk_paagrio_hand\0	111	2218	5	1120	1	147	100	5	1973	9	1894	10	1885	1	1459	12	2131	4										
a,mk_crimson_boots\0	112	2219	5	1126	1	147	100	5	1974	9	1894	10	1885	1	1459	12	2131	4										
a,mk_rind_leather_mail\0	113	2220	5	399	1	147	100	5	1975	9	1894	32	1895	16	1459	32	2131	14										
a,mk_rind_leather_gaiters\0	114	2221	5	419	1	147	100	5	1976	9	1894	20	1895	20	1459	20	2131	8										
a,mk_composite_armor\0	115	2222	5	60	1	156	100	6	1977	10	1892	4	1890	21	1887	7	1459	95	2131	48								
a,mk_tower_shield\0	116	2223	5	103	1	156	100	6	1978	10	1890	6	1888	2	1894	2	1459	17	2131	7								
a,mk_demon's_tunic\0	117	2224	5	441	1	156	100	5	1979	10	1894	48	1895	24	1459	50	2131	22										
a,mk_demon's_hose\0	118	2225	5	472	1	156	100	5	1980	10	1894	30	1895	30	1459	30	2131	13										
a,mk_mithril_gauntlet\0	119	2226	5	608	1	156	100	5	1981	10	1894	16	1885	2	1459	16	2131	6										
a,mk_forgotten_boots\0	120	2227	5	1127	1	156	100	5	1982	10	1894	16	1885	2	1459	16	2131	6										
a,mk_shining_circlet\0	121	2228	5	1149	1	156	100	5	1983	10	1892	1	1894	14	1459	25	2131	10										
a,mk_theca_leather_mail\0	122	2229	5	400	1	159	100	5	1984	10	1894	54	1895	27	1459	55	2131	25										
a,mk_theca_leather_gaiters\0	123	2230	5	420	1	159	100	5	1985	10	1894	32	1895	32	1459	35	2131	15										
a,mk_full_plate_armor\0	124	2231	6	356	1	165	100	6	1986	11	1892	4	1890	36	1887	12	1459	140	2131	73								
a,mk_drake_leather_mail\0	125	2232	6	401	1	165	100	6	1987	11	1894	96	1895	48	1889	24	1459	100	2131	53								
a,mk_divine_tunic\0	126	2233	6	442	1	165	100	5	1988	11	1894	70	1895	35	1459	72	2131	34										
a,mk_divine_hose\0	127	2234	6	473	1	165	100	5	1989	11	1894	42	1895	42	1459	45	2131	20										
a,mk_mithril_helmet\0	128	2235	6	499	1	165	100	5	1990	11	1892	1	1894	26	1459	36	2131	15										
a,mk_cap_of_mana\0	129	2236	6	529	1	165	100	5	1991	11	1892	1	1894	26	1459	36	2131	15										
a,mk_paradia_hood\0	130	2237	6	531	1	165	100	5	1992	11	1892	1	1894	26	1459	36	2131	15										
a,mk_hood_of_sola_eclipse\0	131	2238	6	533	1	165	100	5	1993	11	1892	1	1894	26	1459	36	2131	15										
a,mk_hood_of_summons\0	132	2239	6	535	1	165	100	5	1994	11	1892	1	1894	26	1459	36	2131	15										
a,mk_elemental_hood\0	133	2240	6	537	1	165	100	5	1995	11	1892	1	1894	26	1459	36	2131	15										
a,mk_hood_of_grace\0	134	2241	6	539	1	165	100	5	1996	11	1892	1	1894	26	1459	36	2131	15										
a,mk_phoenix's_hood\0	135	2242	6	541	1	165	100	5	1997	11	1892	1	1894	26	1459	36	2131	15										
a,mk_hood_of_assistance\0	136	2243	6	543	1	165	100	5	1998	11	1892	1	1894	26	1459	36	2131	15										
a,mk_flame_bonnet\0	137	2244	6	545	1	165	100	5	1999	11	1892	1	1894	26	1459	36	2131	15										
a,mk_pata_i\0	138	5008	6	264	1	171	60	8	5008	1	4103	12	1890	70	1888	70	1885	35	4042	35	1459	310	2132	55				
a,mk_bonnet_o'_avadon\0	139	2246	6	549	1	165	100	5	2001	11	1892	1	1894	26	1459	36	2131	15										
a,mk_helmet_of_pledge\0	140	2247	6	551	1	165	100	5	2002	11	1892	1	1894	26	1459	36	2131	15										
a,mk_gauntlet_of_ghost\0	141	2248	6	609	1	165	100	5	2003	11	1894	24	1885	3	1459	24	2131	10										
a,mk_adamantite_boots\0	142	2249	6	1128	1	165	100	5	2004	11	1894	24	1885	3	1459	24	2131	10										
a,mk_bone_arrow\0	143	2250	2	1341	650	80	100	2	1864	1	1881	1																
a,mk_fine_steel_arrow\0	144	2251	3	1342	600	100	100	2	1864	4	1880	1																
a,mk_iron_hammer\0	145	2252	1	87	1	72	100	4	2014	3	1869	260	1870	260	1866	130												
a,mk_sword_breaker\0	146	2253	1	219	1	72	100	3	2015	3	1869	365	1870	365														
a,mk_composition_bow\0	147	2254	1	273	1	72	100	4	2016	3	1869	400	1878	80	1866	80												
a,mk_saber\0	148	2255	2	123	1	84	100	5	2017	4	1883	2	1880	70	1879	70	2130	34										
a,mk_assassin_knife\0	149	2256	2	221	1	84	100	5	2018	4	1883	2	1880	70	1879	70	2130	34										
a,mk_trident\0	150	2257	2	291	1	84	100	5	2019	4	1880	80	1879	40	1885	20	2130	34										
a,mk_temptation_of_abyss\0	151	2258	2	313	1	84	100	5	2020	4	1880	30	1881	60	1878	30	2130	34										
a,mk_spinebone_sword\0	152	2259	2	125	1	96	100	6	2021	5	1883	2	1880	75	1879	75	1458	200	2130	57								
a,mk_mace_of_judgment\0	153	2260	2	180	1	96	100	6	2022	5	1880	60	1879	60	1885	30	1458	200	2130	57								
a,mk_conjure_staff\0	154	2261	2	184	1	96	100	6	2023	5	1880	45	1881	90	1878	45	1458	200	2130	57								
a,mk_elven_bow\0	155	2262	2	276	1	96	100	6	2024	5	1880	100	1878	20	1885	20	1458	200	2130	57								
a,mk_dwarven_trident\0	156	2263	2	295	1	96	100	6	2025	5	1880	80	1879	40	1885	20	1458	200	2130	57								
a,mk_two-handed_sword\0	157	2264	3	124	1	108	100	6	2026	6	1883	3	1880	144	1879	72	1458	300	2130	91								
a,mk_spike_club\0	158	2265	3	157	1	108	100	6	2027	6	1880	90	1879	90	1885	45	1458	300	2130	91								
a,mk_knife_o'_silenus\0	159	2266	3	241	1	108	100	6	2028	6	1883	2	1880	118	1879	118	1458	300	2130	91								
a,mk_gastraphetes\0	160	2267	3	278	1	108	100	6	2029	6	1880	150	1878	30	1885	30	1458	300	2130	91								
a,mk_tome_of_blood\0	161	2268	3	317	1	108	100	6	2030	6	1880	70	1881	140	1878	70	1458	300	2130	91								
a,mk_morning_star\0	162	2269	3	88	1	120	100	6	2031	7	1880	128	1879	128	1885	64	1458	430	2130	139								
a,mk_goathead_staff\0	163	2270	3	90	1	120	100	6	2032	7	1880	100	1881	200	1878	100	1458	430	2130	139								
a,mk_winged_spear\0	164	2271	3	93	1	120	100	6	2033	7	1880	180	1879	90	1885	45	1458	430	2130	139								
a,mk_sword_of_revolution\0	165	2272	3	129	1	120	100	6	2034	7	1883	2	1880	175	1879	175	1458	430	2130	139								
a,mk_tarbar\0	166	2273	3	158	1	120	100	6	2035	7	1880	128	1879	128	1885	64	1458	430	2130	139								
a,mk_skull_breaker\0	167	2274	3	169	1	120	100	6	2036	7	1880	128	1879	128	1885	64	1458	430	2130	139								
a,mk_heavy_bone_club\0	168	2275	3	172	1	120	100	6	2037	7	1880	128	1879	128	1885	64	1458	430	2130	139								
a,mk_maingauche\0	169	2276	3	224	1	120	100	6	2038	7	1883	2	1880	175	1879	175	1458	430	2130	139								
a,mk_bich'hwa\0	170	2277	3	261	1	120	100	6	2039	7	1880	128	1879	128	1885	64	1458	430	2130	139								
a,mk_strengthening_long_bow\0	171	2278	3	279	1	120	100	6	2040	7	1880	225	1878	45	1885	45	1458	300	2130	139								
a,mk_hammer_in_flames\0	172	2279	3	294	1	120	100	6	2041	7	1880	180	1879	90	1885	45	1458	430	2130	139								
a,mk_crucifix_of_blood\0	173	2280	3	318	1	120	100	6	2042	7	1880	100	1881	200	1878	100	1458	430	2130	139								
a,mk_eye_of_infinity\0	174	2281	3	319	1	120	100	6	2043	7	1880	100	1881	200	1878	100	1458	430	2130	139								
a,mk_cursed_maingauche\0	175	2282	3	1660	1	120	100	6	2044	7	1883	2	1880	175	1879	175	1458	430	2130	139								
a,mk_blue_crystal_skull\0	176	2283	4	320	1	123	100	6	2045	7	1880	110	1881	220	1878	110	1458	470	2130	153								
a,mk_demon_fangs\0	177	2284	4	321	1	123	100	6	2046	7	1880	110	1881	220	1878	110	1458	470	2130	153								
a,mk_claymore\0	178	2285	4	70	1	129	100	6	2047	8	1883	3	1880	270	1879	135	1458	550	2130	185								
a,mk_bonebreaker\0	179	2286	4	159	1	129	100	6	2048	8	1880	160	1879	160	1885	80	1458	550	2130	185								
a,mk_atuba_hammer\0	180	2287	4	187	1	129	100	6	2049	8	1880	220	1879	110	1885	55	1458	550	2130	185								
a,mk_ghost_staff\0	181	2288	4	188	1	129	100	6	2050	8	1880	130	1881	260	1878	130	1458	550	2130	185								
a,mk_life_stick\0	182	2289	4	189	1	129	100	6	2051	8	1880	130	1881	260	1878	130	1458	550	2130	185								
a,mk_mithril_dagger\0	183	2290	4	225	1	129	100	6	2052	8	1883	2	1880	220	1879	220	1458	550	2130	185								
a,mk_scallop_jamadhr\0	184	2291	4	262	1	129	100	6	2053	8	1880	160	1879	160	1885	80	1458	550	2130	185								
a,mk_cyclone_bow\0	185	2292	4	280	1	129	100	6	2054	8	1880	275	1878	55	1885	55	1458	550	2130	185								
a,mk_glaive\0	186	2293	4	297	1	129	100	6	2055	8	1880	220	1879	110	1885	55	1458	550	2130	185								
a,mk_vajra_wands\0	187	2294	4	322	1	129	100	6	2056	8	1880	130	1881	260	1878	130	1458	550	2130	185								
a,mk_ancient_reagent\0	188	2295	4	323	1	129	100	6	2057	8	1880	130	1881	260	1878	130	1458	550	2130	185								
a,mk_atuba_mace\0	189	2296	4	190	1	129	100	6	2058	8	1880	220	1879	110	1885	55	1458	550	2130	185								
a,mk_flamberge\0	190	2297	4	71	1	138	100	7	2059	8	1891	3	1890	24	1888	12	5220	48	1458	700	2131	81						
a,mk_stormbringer\0	191	2298	4	72	1	138	100	7	2060	8	1891	2	1890	25	1888	25	5220	50	1458	700	2131	81						
a,mk_big_hammer\0	192	2299	4	89	1	138	100	7	2061	8	1890	30	1888	30	1885	15	5220	60	1458	700	2131	81						
a,mk_scythe\0	193	2300	4	96	1	138	100	7	2062	8	1890	40	1888	20	1885	10	5220	50	1458	700	2131	81						
a,mk_battle_axe\0	194	2301	4	160	1	138	100	7	2063	8	1890	30	1888	30	1885	15	5220	60	1458	700	2131	81						
a,mk_war_pick\0	195	2302	4	161	1	138	100	7	2064	8	1890	30	1888	30	1885	15	5220	60	1458	700	2131	81						
a,mk_skull_graver\0	196	2303	4	173	1	138	100	7	2065	8	1890	30	1888	30	1885	15	5220	60	1458	700	2131	81						
a,mk_heavy_doom_hammer\0	197	2304	4	191	1	138	100	7	2066	8	1890	40	1888	20	1885	10	5220	50	1458	700	2131	81						
a,mk_crystal_staff\0	198	2305	4	192	1	138	100	7	2067	8	1893	20	1881	40	1889	20	5220	60	1458	700	2131	81						
a,mk_stick_of_faith\0	199	2306	4	193	1	138	100	7	2068	8	1893	20	1881	40	1889	20	5220	60	1458	700	2131	81						
a,mk_heavy_doom_axe\0	200	2307	4	194	1	138	100	7	2069	8	1890	40	1888	20	1885	10	5220	50	1458	700	2131	81						
a,mk_cursed_dagger\0	201	2308	4	226	1	138	100	7	2070	8	1891	2	1890	25	1888	25	5220	50	1458	700	2131	81						
a,mk_needle_wolverine\0	202	2309	4	230	1	138	100	7	2071	8	1891	2	1890	25	1888	25	5220	50	1458	700	2131	81						
a,mk_darkelven_dagger\0	203	2310	4	232	1	138	100	7	2072	8	1891	2	1890	25	1888	25	5220	50	1458	700	2131	81						
a,mk_chakram\0	204	2311	4	263	1	138	100	7	2073	8	1890	30	1888	30	1885	15	5220	60	1458	700	2131	81						
a,mk_crystallized_ice_bow\0	205	2312	4	281	1	138	100	7	2074	8	1890	45	1889	9	1885	9	5220	54	1458	700	2131	81						
a,mk_orcish_glaive\0	206	2313	4	298	1	138	100	7	2075	8	1890	40	1888	20	1885	10	5220	50	1458	700	2131	81						
a,mk_body_slasher\0	207	2314	4	302	1	138	100	7	2076	8	1890	40	1888	20	1885	10	5220	50	1458	700	2131	81						
a,mk_shamshir\0	208	2315	5	73	1	147	100	7	2077	9	1891	2	1890	33	1888	33	5220	66	1459	180	2131	105						
a,mk_katana\0	209	2316	5	74	1	147	100	7	2078	9	1891	2	1890	33	1888	33	5220	66	1459	180	2131	105						
a,mk_bech_de_corbin\0	210	2317	5	94	1	147	100	7	2079	9	1890	52	1888	26	1885	13	5220	65	1459	170	2131	105						
a,mk_spirits_sword\0	211	2318	5	131	1	147	100	7	2080	9	1891	2	1890	33	1888	33	5220	66	1459	180	2131	105						
a,mk_raid_sword\0	212	2319	5	133	1	147	100	7	2081	9	1891	2	1890	33	1888	33	5220	66	1459	180	2131	105						
a,mk_cursed_staff\0	213	2320	5	195	1	147	100	7	2082	9	1893	26	1881	52	1889	26	5220	78	1459	180	2131	105						
a,mk_stiletto\0	214	2321	5	227	1	147	100	7	2083	9	1891	2	1890	33	1888	33	5220	66	1459	180	2131	105						
a,mk_dagger_of_magicflame\0	215	2322	5	242	1	147	100	7	2084	9	1891	2	1890	33	1888	33	5220	66	1459	180	2131	105						
a,mk_elemental_bow\0	216	2323	5	282	1	147	100	7	2085	9	1890	60	1889	12	1885	12	5220	72	1459	170	2131	105						
a,mk_noble_elven_bow\0	217	2324	5	285	1	147	100	7	2086	9	1890	60	1889	12	1885	12	5220	72	1459	170	2131	105						
a,mk_tears_of_fairy\0	218	2325	5	324	1	147	100	7	2087	9	1893	26	1881	52	1889	26	5220	78	1459	180	2131	105						
a,mk_horn_of_glory\0	219	2326	5	325	1	147	100	7	2088	9	1893	26	1881	52	1889	26	5220	78	1459	180	2131	105						
a,mk_caliburs\0	220	2327	5	75	1	156	100	7	2089	10	1891	2	1890	50	1888	50	5220	100	1459	300	2131	166						
a,mk_sword_of_delusion\0	221	2328	5	76	1	156	100	7	2090	10	1891	2	1890	50	1888	50	5220	100	1459	300	2131	166						
a,mk_tsurugi\0	222	2329	5	77	1	156	100	7	2091	10	1891	2	1890	50	1888	50	5220	100	1459	300	2131	166						
a,mk_homunkulus's_sword\0	223	2330	5	84	1	156	100	7	2092	10	1891	2	1890	50	1888	50	5220	100	1459	300	2131	166						
a,mk_poleaxe\0	224	2331	5	95	1	156	100	7	2093	10	1890	72	1888	36	1885	18	5220	90	1459	300	2131	166						
a,mk_sword_of_limit\0	225	2332	5	132	1	156	100	7	2094	10	1891	2	1890	50	1888	50	5220	100	1459	300	2131	166						
a,mk_sword_of_nightmare\0	226	2333	5	134	1	156	100	7	2095	10	1891	2	1890	50	1888	50	5220	100	1459	300	2131	166						
a,mk_deathbreath_sword\0	227	2334	5	145	1	156	100	7	2096	10	1891	2	1890	50	1888	50	5220	100	1459	300	2131	166						
a,mk_war_axe\0	228	2335	5	162	1	156	100	7	2097	10	1890	54	1888	54	1885	27	5220	108	1459	300	2131	166						
a,mk_nirvana_axe\0	229	2336	5	174	1	156	100	7	2098	10	1890	54	1888	54	1885	27	5220	108	1459	300	2131	166						
a,mk_stick_of_eternity\0	230	2337	5	196	1	156	100	7	2099	10	1893	37	1881	74	1889	37	5220	111	1459	300	2131	166						
a,mk_paradia_staff\0	231	2338	5	197	1	156	100	7	2100	10	1893	37	1881	74	1889	37	5220	111	1459	300	2131	166						
a,mk_inferno_staff\0	232	2339	5	198	1	156	100	7	2101	10	1893	37	1881	74	1889	37	5220	111	1459	300	2131	166						
a,mk_paagrio_hammer\0	233	2340	5	199	1	156	100	7	2102	10	1890	72	1888	36	1885	18	5220	90	1459	300	2131	166						
a,mk_sage's_staff\0	234	2341	5	200	1	156	100	7	2103	10	1893	37	1881	74	1889	37	5220	111	1459	300	2131	166						
a,mk_club_of_nature\0	235	2342	5	201	1	156	100	7	2104	10	1893	37	1881	74	1889	37	5220	111	1459	300	2131	166						
a,mk_mace_of_underworld\0	236	2343	5	202	1	156	100	7	2105	10	1890	54	1888	54	1885	27	5220	108	1459	300	2131	166						
a,mk_grace_dagger\0	237	2344	5	231	1	156	100	7	2106	10	1891	2	1890	50	1888	50	5220	100	1459	300	2131	166						
a,mk_dark_screamer\0	238	2345	5	233	1	156	100	7	2107	10	1891	2	1890	50	1888	50	5220	100	1459	300	2131	166						
a,mk_fist_blade\0	239	2346	5	265	1	156	100	7	2108	10	1890	54	1888	54	1885	27	5220	108	1459	300	2131	166						
a,mk_akat_long_bow\0	240	2347	5	283	1	156	100	7	2109	10	1890	85	1889	17	1885	17	5220	102	1459	290	2131	166						
a,mk_heathen's_book\0	241	2348	5	326	1	156	100	7	2110	10	1893	37	1881	74	1889	37	5220	111	1459	300	2131	166						
a,mk_hex_doll\0	242	2349	5	327	1	156	100	7	2111	10	1893	37	1881	74	1889	37	5220	111	1459	300	2131	166						
a,mk_paagrio_axe\0	243	2350	5	203	1	159	100	7	2112	10	1890	80	1888	40	1885	20	5220	100	1459	330	2131	187						
a,mk_scorpion\0	244	2351	5	301	1	159	100	7	2113	10	1890	80	1888	40	1885	20	5220	100	1459	330	2131	187						
a,mk_widow_maker\0	245	2352	5	303	1	159	100	7	2114	10	1890	80	1888	40	1885	20	5220	100	1459	330	2131	187						
a,mk_samurai_longsword\0	246	2353	6	135	1	165	100	7	2115	11	1891	3	1890	82	1888	41	5220	164	1459	410	2131	248						
a,mk_deadman's_staff\0	247	2354	6	204	1	165	100	7	2116	11	1893	54	1881	108	1889	54	5220	162	1459	410	2131	248						
a,mk_ghoul's_staff\0	248	2355	6	205	1	165	100	7	2117	11	1893	54	1881	108	1889	54	5220	162	1459	410	2131	248						
a,mk_demon's_staff\0	249	2356	6	206	1	165	100	7	2118	11	1893	54	1881	108	1889	54	5220	162	1459	410	2131	248						
a,mk_crystal_dagger\0	250	2357	6	228	1	165	100	7	2119	11	1891	2	1890	76	1888	76	5220	152	1459	410	2131	248						
a,mk_great_pata\0	251	2358	6	266	1	165	100	7	2120	11	1890	80	1888	80	1885	40	5220	160	1459	410	2131	248						
a,mk_eminence_bow\0	252	2359	6	286	1	165	100	7	2121	11	1890	120	1889	24	1885	24	5220	144	1459	420	2131	248						
a,mk_orcish_poleaxe\0	253	2360	6	299	1	165	100	7	2122	11	1890	104	1888	52	1885	26	5220	130	1459	420	2131	248						
a,mk_candle_of_wisdom\0	254	2361	6	328	1	165	100	7	2123	11	1893	54	1881	108	1889	54	5220	162	1459	410	2131	248						
a,mk_blessed_branch\0	255	2362	6	329	1	165	100	7	2124	11	1893	54	1881	108	1889	54	5220	162	1459	410	2131	248						
a,mk_phoenix's_feather\0	256	2363	6	330	1	165	100	7	2125	11	1893	54	1881	108	1889	54	5220	162	1459	410	2131	248						
a,mk_cerberus's_eye\0	257	2364	6	331	1	165	100	7	2126	11	1893	54	1881	108	1889	54	5220	162	1459	410	2131	248						
a,mk_scroll_of_destruction\0	258	2365	6	332	1	165	100	7	2127	11	1893	54	1881	108	1889	54	5220	162	1459	410	2131	248						
a,mk_claws_of_blackdragon\0	259	2366	6	333	1	165	100	7	2128	11	1893	54	1881	108	1889	54	5220	162	1459	410	2131	248						
a,mk_three_eye_crow's_feather\0	260	2367	6	334	1	165	100	7	2129	11	1893	54	1881	108	1889	54	5220	162	1459	410	2131	248						
a,mk_ring_of_binding\0	261	2970	6	886	1	165	100	6	2917	11	1886	1	1895	40	1887	8	1459	20	2131	7								
a,mk_mithril_scale_gaiters\0	262	2971	3	2377	1	120	100	5	2918	7	1883	2	1880	32	1458	60	2130	14										
a,mk_brigandine_gaiters\0	263	2972	3	2378	1	120	100	5	2919	7	1883	2	1880	32	1458	60	2130	14										
a,mk_elven_mithril_tunic\0	264	2973	3	2396	1	120	100	5	2920	7	1882	84	1884	42	1458	70	2130	17										
a,mk_elven_mithril_hose\0	265	2974	3	2401	1	120	100	5	2921	7	1882	45	1884	45	1458	45	2130	10										
a,mk_brigandine_helmet\0	266	2975	3	2411	1	120	100	5	2922	7	1883	1	1882	20	1458	35	2130	8										
a,mk_manticor_skin_boots\0	267	2976	3	2424	1	120	100	5	2923	7	1882	24	1885	3	1458	24	2130	5										
a,mk_brigandine_boots\0	268	2977	3	2425	1	120	100	5	2924	7	1882	24	1885	3	1458	24	2130	5										
a,mk_elven_mithril_boots\0	269	2978	3	2426	1	120	100	5	2925	7	1882	24	1885	3	1458	24	2130	5										
a,mk_manticor_skin_gloves\0	270	2979	3	2448	1	120	100	5	2926	7	1882	24	1885	3	1458	24	2130	5										
a,mk_brigandine_gauntlet\0	271	2980	3	2449	1	120	100	5	2927	7	1882	24	1885	3	1458	24	2130	5										
a,mk_elven_mithril_gloves\0	272	2981	3	2450	1	120	100	5	2928	7	1882	24	1885	3	1458	24	2130	5										
a,mk_brigandine_shield\0	273	2982	3	2493	1	120	100	6	2929	7	1880	12	1879	4	1882	4	1458	24	2130	5								
a,mk_plate_helmet\0	274	2983	4	2412	1	129	100	5	2930	8	1883	1	1882	60	1458	45	2130	10										
a,mk_slamander_skin_boots\0	275	2984	4	2427	1	129	100	5	2931	8	1882	32	1885	4	1458	30	2130	6										
a,mk_plate_boots\0	276	2985	4	2428	1	129	100	5	2932	8	1882	32	1885	4	1458	30	2130	6										
a,mk_sage's_worn_gloves\0	277	2986	4	2451	1	129	100	5	2933	8	1882	32	1885	4	1458	30	2130	6										
a,mk_plate_shield\0	278	2987	4	2494	1	129	100	6	2934	8	1880	15	1879	5	1882	5	1458	32	2130	7								
a,mk_tempered_mithril_gaiters\0	279	2988	4	2387	1	138	100	5	2935	8	1894	15	1895	15	1458	70	2131	6										
a,mk_chain_hood\0	280	2989	4	2413	1	138	100	5	2936	8	1892	1	1894	2	1458	60	2131	5										
a,mk_chain_boots\0	281	2990	4	2429	1	138	100	5	2937	8	1894	8	1885	1	1458	40	2131	3										
a,mk_karmian_boots\0	282	2991	4	2430	1	138	100	5	2938	8	1894	8	1885	1	1458	40	2131	3										
a,mk_plate_leather_boots\0	283	2992	4	2431	1	138	100	5	2939	8	1894	8	1885	1	1458	40	2131	3										
a,mk_dwarven_chain_boots\0	284	2993	4	2432	1	138	100	5	2940	8	1894	8	1885	1	1458	40	2131	3										
a,mk_boots_of_seal\0	285	2994	4	2433	1	138	100	5	2941	8	1894	8	1885	1	1458	40	2131	3										
a,mk_reinforce_mithril_gloves\0	286	2995	4	2452	1	138	100	5	2942	8	1894	8	1885	1	1458	40	2131	3										
a,mk_chain_gloves\0	287	2996	4	2453	1	138	100	5	2943	8	1894	8	1885	1	1458	40	2131	3										
a,mk_karmian_gloves\0	288	2997	4	2454	1	138	100	5	2944	8	1894	8	1885	1	1458	40	2131	3										
a,mk_chain_shield\0	289	2998	4	2495	1	138	100	6	2945	8	1890	3	1888	1	1894	1	1458	40	2131	3								
a,mk_plate_leather_gloves\0	290	2999	5	2455	1	144	100	5	2946	9	1894	8	1885	1	1459	10	2131	3										
a,mk_dwarven_chain_shield\0	291	3000	5	2496	1	144	100	6	2947	9	1890	3	1888	1	1894	1	1459	12	2131	4								
a,mk_rind_leather_boots\0	292	3001	5	2434	1	147	100	5	2948	9	1894	10	1885	1	1459	12	2131	4										
a,mk_dwarven_chain_gloves\0	293	3002	5	2456	1	147	100	5	2949	9	1894	10	1885	1	1459	12	2131	4										
a,mk_gloves_of_seal\0	294	3003	5	2457	1	147	100	5	2950	9	1894	10	1885	1	1459	12	2131	4										
a,mk_rind_leather_gloves\0	295	3004	5	2458	1	147	100	5	2951	9	1894	10	1885	1	1459	12	2131	4										
a,mk_demon's_boots\0	296	3005	5	2435	1	156	100	5	2952	10	1894	16	1885	2	1459	16	2131	6										
a,mk_demon's_gloves\0	297	3006	5	2459	1	156	100	5	2953	10	1894	16	1885	2	1459	16	2131	6										
a,mk_theca_leather_boots\0	298	3007	5	2436	1	159	100	5	2954	10	1894	18	1885	2	1459	20	2131	7										
a,mk_theca_leather_gloves\0	299	3008	5	2460	1	159	100	5	2955	10	1894	18	1885	2	1459	20	2131	7										
a,mk_composite_boots\0	300	3009	5	64	1	156	100	5	2956	10	1894	16	1885	2	1459	16	2131	6										
a,mk_composite_helmet\0	301	3010	5	517	1	156	100	5	2957	10	1892	1	1894	14	1459	25	2131	10										
a,mk_divine_boots\0	302	3011	6	603	1	165	100	5	2958	11	1894	24	1885	3	1459	24	2131	10										
a,mk_full_plate_helmet\0	303	3012	6	2414	1	165	100	5	2959	11	1892	1	1894	26	1459	36	2131	15										
a,mk_drake_leather_boots\0	304	3013	6	2437	1	165	100	5	2960	11	1894	24	1885	3	1459	24	2131	10										
a,mk_full_plate_boots\0	305	3014	6	2438	1	165	100	5	2961	11	1894	24	1885	3	1459	24	2131	10										
a,mk_drake_leather_gloves\0	306	3015	6	2461	1	165	100	5	2962	11	1894	24	1885	3	1459	24	2131	10										
a,mk_full_plate_gauntlet\0	307	3016	6	2462	1	165	100	5	2963	11	1894	24	1885	3	1459	24	2131	10										
a,mk_blessed_gloves\0	308	3017	6	2463	1	165	100	5	2964	11	1894	24	1885	3	1459	24	2131	10										
a,mk_divine_gloves\0	309	3018	6	2468	1	165	100	5	2965	11	1894	24	1885	3	1459	24	2131	10										
a,mk_full_plate_shield\0	310	3019	6	2497	1	165	100	6	2966	11	1890	9	1888	3	1894	3	1459	25	2131	10								
a,mk_elven_long_sword\0	311	3020	4	2499	1	129	100	6	2967	8	1883	2	1880	220	1879	220	1458	550	2130	185								
a,mk_dwarven_warhammer\0	312	3021	5	2502	1	147	100	7	2968	9	1890	38	1888	38	1885	19	5220	76	1459	180	2131	105						
a,mk_yaksa_mace\0	313	3022	6	2503	1	165	100	7	2969	11	1890	80	1888	80	1885	40	5220	160	1459	410	2131	248						
a,mk_titan_key\0	314	3023	1	3030	1	100	100	4	3273	20	3274	10	3275	10	1458	10												
a,mk_journeyman_ring\0	315	3024	1	3139	1	100	100	5	3138	1	3134	1	1880	1	1865	10	1458	10										
a,mk_amber_bead\0	316	3025	2	3136	5	100	100	1	3137	1																		
a,mk_spiritshot_d\0	317	3032	2	2510	100	60	100	2	3031	3	1458	1																
a,mk_spiritshot_c\0	318	3033	4	2511	200	120	100	2	3031	10	1459	1																
a,mk_spiritshot_b\0	319	3034	6	2512	150	180	100	2	3031	15	1460	1																
a,mk_spiritshot_a\0	320	3035	7	2513	200	240	100	2	3031	22	1461	1																
a,mk_spiritshot_s\0	321	3036	8	2514	200	300	100	2	3031	15	1462	1																
a,q_mk_titans_powerstone\0	322	3838	2	3846	1	100	25	1	3845	1																		
a,mk_blessed_spiritshot_d\0	323	3953	2	3948	100	60	100	2	3031	8	1458	2																
a,mk_blessed_spiritshot_c\0	324	3954	4	3949	200	120	100	2	3031	30	1459	2																
a,mk_blessed_spiritshot_b\0	325	3955	6	3950	100	180	100	2	3031	16	1460	2																
a,mk_blessed_spiritshot_a\0	326	3956	7	3951	200	240	100	2	3031	70	1461	2																
a,mk_blessed_spiritshot_s\0	327	3957	8	3952	200	300	100	2	3031	50	1462	2																
a,mk_adamantite_earing_i\0	328	4937	6	856	1	174	70	8	4937	1	4049	12	1892	1	1895	30	1887	6	4044	6	1459	28	2132	4				
a,mk_adamantite_earing_ii\0	329	4126	6	856	1	174	100	8	4126	1	4049	12	4048	1	1895	40	1887	8	4044	8	1459	35	2132	4				
a,mk_adamantite_ring_i\0	330	4938	6	887	1	174	70	8	4938	1	4050	12	1886	1	1895	25	1887	5	4044	5	1459	22	2132	2				
a,mk_adamantite_ring_ii\0	331	4127	6	887	1	174	100	8	4127	1	4050	12	1892	1	1895	30	1887	6	4044	6	1459	32	2132	2				
a,mk_adamantite_necklace_i\0	332	4939	6	918	1	174	70	8	4939	1	4051	12	1892	1	1889	30	1887	6	4044	6	1459	34	2132	5				
a,mk_adamantite_necklace_ii\0	333	4128	6	918	1	174	100	8	4128	1	4051	12	4048	1	1889	35	1887	7	4044	7	1459	58	2132	5				
a,mk_earing_of_black_ore_i\0	334	4973	7	864	1	183	70	8	4973	1	4052	13	1892	1	1895	50	1887	10	4044	10	1460	16	2132	6				
a,mk_earing_of_black_ore_ii\0	335	4129	7	864	1	183	100	8	4129	1	4052	13	4048	1	1895	65	1887	13	4044	13	1460	25	2132	6				
a,mk_ring_of_black_ore_i\0	336	4974	7	895	1	183	70	8	4974	1	4053	13	1886	1	1895	40	1887	8	4044	8	1460	10	2132	4				
a,mk_ring_of_black_ore_ii\0	337	4130	7	895	1	183	100	8	4130	1	4053	13	1892	1	1895	50	1887	10	4044	10	1460	18	2132	4				
a,mk_necklace_of_black_ore_i\0	338	4975	7	926	1	183	70	8	4975	1	4054	13	1892	1	1889	40	1887	8	4044	8	1460	20	2132	8				
a,mk_necklace_of_black_ore_ii\0	339	4131	7	926	1	183	100	8	4131	1	4054	13	4048	1	1889	55	1887	11	4044	11	1460	37	2132	8				
a,mk_composite_shield\0	340	4132	5	107	1	156	100	6	4055	10	1890	6	1888	2	1894	2	1459	17	2131	7								
a,mk_shrnoen's_breastplate_i\0	341	4940	6	357	1	174	60	7	4940	1	4056	12	1892	3	1890	18	4043	12	1459	82	2132	12						
a,mk_shrnoen's_breastplate_ii\0	342	4133	6	357	1	174	100	7	4133	1	4056	12	4048	3	1890	33	4043	22	1459	129	2132	12						
a,mk_shrnoen's_gaiters_i\0	343	4941	6	383	1	174	60	7	4941	1	4057	12	1892	2	1890	12	4043	8	1459	45	2132	7						
a,mk_shrnoen's_gaiters_ii\0	344	4134	6	383	1	174	100	7	4134	1	4057	12	4048	2	1890	21	4043	14	1459	72	2132	7						
a,mk_implosion_boots_i\0	345	4976	7	564	1	183	60	7	4976	1	4058	13	1894	32	1885	4	4043	4	1460	8	2132	4						
a,mk_implosion_boots_ii\0	346	4135	7	564	1	183	100	8	4135	1	4058	13	4046	1	1894	48	1885	6	4043	6	1460	15	2132	4				
a,mk_silent_boots_i\0	347	4942	6	572	1	174	60	7	4942	1	4059	12	1894	16	1885	2	4043	2	1459	25	2132	2						
a,mk_silent_boots_ii\0	348	4136	6	572	1	174	100	8	4136	1	4059	12	4046	1	1894	24	1885	3	4043	3	1459	33	2132	2				
a,mk_guardian's_boots_i\0	349	4943	6	578	1	174	60	7	4943	1	4060	12	1894	16	1885	2	4043	2	1459	25	2132	2						
a,mk_guardian's_boots_ii\0	350	4137	6	578	1	174	100	8	4137	1	4060	12	4046	1	1894	24	1885	3	4043	3	1459	33	2132	2				
a,mk_paradia_boots_i\0	351	4977	7	582	1	183	60	7	4977	1	4061	13	1894	32	1885	4	4043	4	1460	8	2132	4						
a,mk_paradia_boots_ii\0	352	4138	7	582	1	183	100	8	4138	1	4061	13	4046	1	1894	48	1885	6	4043	6	1460	15	2132	4				
a,mk_elemental_boots_i\0	353	4978	7	588	1	183	60	7	4978	1	4062	13	1894	32	1885	4	4043	4	1460	8	2132	4						
a,mk_elemental_boots_ii\0	354	4139	7	588	1	183	100	8	4139	1	4062	13	4046	1	1894	48	1885	6	4043	6	1460	15	2132	4				
a,mk_boots_of_grace_i\0	355	4979	7	590	1	183	60	7	4979	1	4063	13	1894	32	1885	4	4043	4	1460	8	2132	4						
a,mk_boots_of_grace_ii\0	356	4140	7	590	1	183	100	8	4140	1	4063	13	4046	1	1894	48	1885	6	4043	6	1460	15	2132	4				
a,mk_avadon_breastplate_i\0	357	4944	6	2376	1	174	60	7	4944	1	4064	12	1892	3	1890	18	4043	12	1459	82	2132	12						
a,mk_avadon_breastplate_ii\0	358	4141	6	2376	1	174	100	7	4141	1	4064	12	4048	3	1890	33	4043	22	1459	129	2132	12						
a,mk_avadon_gaiters_i\0	359	4945	6	2379	1	174	60	7	4945	1	4065	12	1892	2	1890	12	4043	8	1459	45	2132	7						
a,mk_avadon_gaiters_ii\0	360	4142	6	2379	1	174	100	7	4142	1	4065	12	4048	2	1890	21	4043	14	1459	72	2132	7						
a,mk_shrnoen's_leather_shirts_i\0	361	4946	6	2384	1	174	60	7	4946	1	4066	12	1894	40	1895	20	4043	20	1459	65	2132	9						
a,mk_shrnoen's_leather_shirts_ii\0	362	4143	6	2384	1	174	100	8	4143	1	4066	12	4046	2	1894	58	1895	29	4043	29	1459	118	2132	9				
a,mk_shrnoen's_leather_gaiters_i\0	363	4947	6	2388	1	174	60	7	4947	1	4067	12	1894	20	1895	20	4043	20	1459	34	2132	5						
a,mk_shrnoen's_leather_gaiters_ii\0	364	4144	6	2388	1	174	100	8	4144	1	4067	12	4046	1	1894	29	1895	29	4043	29	1459	70	2132	5				
a,mk_avadon_leather_mail_i\0	365	4948	6	2390	1	174	60	8	4948	1	4068	12	1894	65	1895	32	1889	16	4043	16	1459	95	2132	14				
a,mk_avadon_leather_mail_ii\0	366	4145	6	2390	1	174	100	9	4145	1	4068	12	4046	3	1894	96	1895	48	1889	24	4043	24	1459	161	2132	14		
a,mk_tunic_of_shrnoen_i\0	367	4949	6	2397	1	174	60	7	4949	1	4069	12	1894	40	1895	20	4043	20	1459	65	2132	9						
a,mk_tunic_of_shrnoen_ii\0	368	4146	6	2397	1	174	100	8	4146	1	4069	12	4046	2	1894	58	1895	29	4043	29	1459	118	2132	9				
a,mk_hose_of_shrnoen_i\0	369	4950	6	2402	1	174	60	7	4950	1	4070	12	1894	20	1895	20	4043	20	1459	34	2132	5						
a,mk_hose_of_shrnoen_ii\0	370	4147	6	2402	1	174	100	8	4147	1	4070	12	4046	1	1894	29	1895	29	4043	29	1459	70	2132	5				
a,mk_avadon_robe_i\0	371	4951	6	2406	1	174	60	8	4951	1	4071	12	1894	65	1895	32	1889	16	4043	16	1459	95	2132	14				
a,mk_avadon_robe_ii\0	372	4148	6	2406	1	174	100	9	4148	1	4071	12	4046	3	1894	96	1895	48	1889	24	4043	24	1459	161	2132	14		
a,mk_avadon_circlet_i\0	373	4952	6	2415	1	174	60	7	4952	1	4072	12	1892	1	1894	20	4043	2	1459	30	2132	4						
a,mk_avadon_circlet_ii\0	374	4149	6	2415	1	174	100	7	4149	1	4072	12	4048	1	1894	40	4043	4	1459	41	2132	4						
a,mk_avadon_gloves_i\0	375	4953	6	2464	1	174	60	7	4953	1	4073	12	1894	16	1885	2	4043	2	1459	25	2132	2						
a,mk_avadon_gloves_ii\0	376	4150	6	2464	1	174	100	8	4150	1	4073	12	4046	1	1894	24	1885	3	4043	3	1459	33	2132	2				
a,mk_silent_chain_gloves_i\0	377	4954	6	2465	1	174	60	7	4954	1	4074	12	1894	16	1885	2	4043	2	1459	25	2132	2						
a,mk_silent_chain_gloves_ii\0	378	4151	6	2465	1	174	100	8	4151	1	4074	12	4046	1	1894	32	1885	4	4043	4	1459	15	2132	2				
a,mk_guardian's_gloves_i\0	379	4955	6	2466	1	174	60	7	4955	1	4075	12	1894	16	1885	2	4043	2	1459	25	2132	2						
a,mk_guardian's_gloves_ii\0	380	4152	6	2466	1	174	100	8	4152	1	4075	12	4046	1	1894	32	1885	4	4043	4	1459	15	2132	2				
a,mk_gloves_of_blessing_i\0	381	4956	6	2467	1	174	60	7	4956	1	4076	12	1894	16	1885	2	4043	2	1459	25	2132	2						
a,mk_gloves_of_blessing_ii\0	382	4153	6	2467	1	174	100	8	4153	1	4076	12	4046	1	1894	32	1885	4	4043	4	1459	15	2132	2				
a,mk_doom_shield_i\0	383	4980	7	110	1	183	60	8	4980	1	4077	13	1890	9	1888	3	1894	3	4043	3	1460	15	2132	4				
a,mk_doom_shield_ii\0	384	4154	7	110	1	183	100	9	4154	1	4077	13	4046	1	1890	9	1888	3	1894	3	4043	3	1460	20	2132	4		
a,mk_blue_wolve's_breastplate_i\0	385	4981	7	358	1	183	60	7	4981	1	4078	13	1892	3	1890	36	4043	24	1460	40	2132	20						
a,mk_blue_wolve's_breastplate_ii\0	386	4155	7	358	1	183	100	7	4155	1	4078	13	4048	3	1890	54	4043	36	1460	89	2132	20						
a,mk_boots_of_blessing_i\0	387	4957	6	595	1	174	60	7	4957	1	4079	12	1894	16	1885	2	4043	2	1459	25	2132	2						
a,mk_boots_of_blessing_ii\0	388	4156	6	595	1	174	100	8	4156	1	4079	12	4046	1	1894	24	1885	3	4043	3	1459	33	2132	2				
a,mk_blue_wolve's_gaiters_i\0	389	4982	7	2380	1	183	60	7	4982	1	4080	13	1892	2	1890	24	4043	16	1460	20	2132	12						
a,mk_blue_wolve's_gaiters_ii\0	390	4157	7	2380	1	183	100	7	4157	1	4080	13	4048	2	1890	36	4043	24	1460	49	2132	12						
a,mk_doom_plate_armor_i\0	391	4983	7	2381	1	183	60	8	4983	1	4081	13	1892	4	1890	45	1887	15	4043	30	1460	60	2132	31				
a,mk_doom_plate_armor_ii\0	392	4158	7	2381	1	183	100	8	4158	1	4081	13	4048	4	1890	69	1887	23	4043	46	1460	136	2132	31				
a,mk_blue_wolve's_leather_mail_i\0	393	4984	7	2391	1	183	60	8	4984	1	4082	12	1894	100	1895	50	1889	25	4043	25	1460	48	2132	22				
a,mk_blue_wolve's_leather_mail_ii\0	394	4159	7	2391	1	183	100	9	4159	1	4082	12	4046	3	1894	140	1895	75	1889	35	4043	35	1460	107	2132	22		
a,mk_leather_mail_of_doom_i\0	395	4985	7	2392	1	183	60	8	4985	1	4083	12	1894	100	1895	50	1889	25	4043	25	1460	48	2132	22				
a,mk_leather_mail_of_doom_ii\0	396	4160	7	2392	1	183	100	9	4160	1	4083	12	4046	3	1894	140	1895	70	1889	35	4043	35	1460	107	2132	22		
a,mk_blue_wolve's_tunic_i\0	397	4986	7	2398	1	183	60	7	4986	1	4084	13	1894	64	1895	32	4043	32	1460	32	2132	14						
a,mk_blue_wolve's_tunic_ii\0	398	4161	7	2398	1	183	100	8	4161	1	4084	13	4046	2	1894	88	1895	44	4043	44	1460	73	2132	14				
a,mk_tunic_of_doom_i\0	399	4987	7	2399	1	183	60	7	4987	1	4085	13	1894	64	1895	32	4043	32	1460	32	2132	14						
a,mk_tunic_of_doom_ii\0	400	4162	7	2399	1	183	100	8	4162	1	4085	13	4046	2	1894	88	1895	44	4043	44	1460	73	2132	14				
a,mk_blue_wolve's_hose_i\0	401	4988	7	2403	1	183	60	7	4988	1	4086	13	1894	30	1895	30	4043	30	1460	18	2132	8						
a,mk_blue_wolve's_hose_ii\0	402	4163	7	2403	1	183	100	8	4163	1	4086	13	4046	1	1894	41	1895	41	4043	41	1460	47	2132	8				
a,mk_hose_of_doom_i\0	403	4989	7	2404	1	183	60	7	4989	1	4087	13	1894	30	1895	30	4043	30	1460	18	2132	8						
a,mk_hose_of_doom_ii\0	404	4164	7	2404	1	183	100	8	4164	1	4087	13	4046	1	1894	41	1895	41	4043	41	1460	47	2132	8				
a,mk_blue_wolve's_helmet_i\0	405	4990	7	2416	1	183	60	7	4990	1	4088	13	1892	1	1894	40	4043	4	1460	14	2132	7						
a,mk_blue_wolve's_helmet_ii\0	406	4165	7	2416	1	183	100	7	4165	1	4088	13	4048	1	1894	50	4043	5	1460	39	2132	7						
a,mk_doom_helmet_i\0	407	4991	7	2417	1	183	60	7	4991	1	4089	13	1892	1	1894	40	4043	4	1460	14	2132	7						
a,mk_doom_helmet_ii\0	408	4166	7	2417	1	183	100	7	4166	1	4089	13	4048	1	1894	50	4043	5	1460	39	2132	7						
a,mk_blue_wolve's_boots_i\0	409	4992	7	2439	1	183	60	7	4992	1	4090	13	1894	32	1885	4	4043	4	1460	8	2132	4						
a,mk_blue_wolve's_boots_ii\0	410	4167	7	2439	1	183	100	8	4167	1	4090	13	4046	1	1894	48	1885	6	4043	6	1460	15	2132	4				
a,mk_doom_gloves_i\0	411	4993	7	2475	1	183	60	7	4993	1	4091	13	1894	32	1885	4	4043	4	1460	8	2132	4						
a,mk_doom_gloves_ii\0	412	4168	7	2475	1	183	100	8	4168	1	4091	13	4046	1	1894	48	1885	6	4043	6	1460	15	2132	4				
a,mk_elemental_gloves_i\0	413	4994	7	2480	1	183	60	7	4994	1	4092	13	1894	32	1885	4	4043	4	1460	8	2132	4						
a,mk_elemental_gloves_ii\0	414	4169	7	2480	1	183	100	8	4169	1	4092	13	4046	1	1894	48	1885	6	4043	6	1460	15	2132	4				
a,mk_gloves_of_grace_i\0	415	4995	7	2481	1	183	60	7	4995	1	4093	13	1894	32	1885	4	4043	4	1460	8	2132	4						
a,mk_gloves_of_grace_ii\0	416	4170	7	2481	1	183	100	8	4170	1	4093	13	4046	1	1894	48	1885	6	4043	6	1460	15	2132	4				
a,mk_implosion_gauntlet_i\0	417	4996	7	2485	1	183	60	7	4996	1	4094	13	1894	32	1885	4	4043	4	1460	8	2132	4						
a,mk_implosion_gauntlet_ii\0	418	4171	7	2485	1	183	100	8	4171	1	4094	13	4046	1	1894	48	1885	6	4043	6	1460	15	2132	4				
a,mk_paradia_gloves_i\0	419	4997	7	2486	1	183	60	7	4997	1	4095	13	1894	32	1885	4	4043	4	1460	8	2132	4						
a,mk_paradia_gloves_ii\0	420	4172	7	2486	1	183	100	8	4172	1	4095	13	4046	1	1894	48	1885	6	4043	6	1460	15	2132	4				
a,mk_blue_wolve's_gloves_i\0	421	4998	7	2487	1	183	60	7	4998	1	4096	13	1894	32	1885	4	4043	4	1460	8	2132	4						
a,mk_blue_wolve's_gloves_ii\0	422	4173	7	2487	1	183	100	8	4173	1	4096	13	4046	1	1894	48	1885	6	4043	6	1460	15	2132	4				
a,mk_shrnoen's_boots_i\0	423	4958	6	554	1	174	60	7	4958	1	4097	12	1894	16	1885	2	4043	2	1459	25	2132	2						
a,mk_shrnoen's_boots_ii\0	424	4174	6	554	1	174	100	8	4174	1	4097	12	4046	1	1894	24	1885	3	4043	3	1459	33	2132	2				
a,mk_avadon_boots_i\0	425	4959	6	600	1	174	60	7	4959	1	4098	12	1894	16	1885	2	4043	2	1459	25	2132	2						
a,mk_avadon_boots_ii\0	426	4175	6	600	1	174	100	8	4175	1	4098	12	4046	1	1894	24	1885	3	4043	3	1459	33	2132	2				
a,mk_doom_boots_i\0	427	4999	7	601	1	183	60	7	4999	1	4099	13	1894	32	1885	4	4043	4	1460	8	2132	4						
a,mk_doom_boots_ii\0	428	4176	7	601	1	183	100	8	4176	1	4099	13	4046	1	1894	48	1885	6	4043	6	1460	15	2132	4				
a,mk_shrnoen's_gauntlet_i\0	429	4960	6	612	1	174	60	7	4960	1	4100	12	1894	16	1885	2	4043	2	1459	25	2132	2						
a,mk_shrnoen's_gauntlet_ii\0	430	4177	6	612	1	174	100	8	4177	1	4100	12	4046	1	1894	24	1885	3	4043	3	1459	33	2132	2				
a,mk_shrnoen's_shield_i\0	431	4961	6	633	1	174	60	8	4961	1	4101	12	1890	6	1888	2	1894	2	4043	2	1459	25	2132	3				
a,mk_shrnoen's_shield_ii\0	432	4178	6	633	1	174	100	9	4178	1	4101	12	4046	1	1890	12	1888	4	1894	4	4043	4	1459	16	2132	3		
a,mk_shrnoen's_helmet_i\0	433	4962	6	503	1	174	60	7	4962	1	4102	12	1892	1	1894	20	4043	2	1459	30	2132	4						
a,mk_shrnoen's_helmet_ii\0	434	4179	6	503	1	174	100	7	4179	1	4102	12	4048	1	1894	40	4043	4	1459	41	2132	4						
a,mk_silver_arrow\0	435	4180	4	1343	550	120	100	2	1878	1	1873	5																
a,mk_pata_i\0	436	5008	6	264	1	171	60	8	5008	1	4103	12	1890	70	1888	70	1885	35	4042	35	1459	310	2132	55				
a,mk_pata_ii\0	437	4181	6	264	1	171	100	9	4181	1	4103	12	4045	3	1890	100	1888	100	1885	50	4042	50	1459	467	2132	55		
a,mk_great_sword_i\0	438	4963	6	78	1	174	60	8	4963	1	4104	12	1891	3	1890	80	1888	40	4042	40	1459	350	2132	62				
a,mk_great_sword_ii\0	439	4182	6	78	1	174	100	8	4182	1	4104	12	4047	3	1890	126	1888	63	4042	63	1459	317	2132	62				
a,mk_heavy_war_axe_i\0	440	4964	6	91	1	174	60	8	4964	1	4105	12	1890	80	1888	80	1885	40	4042	40	1459	325	2132	62				
a,mk_heavy_war_axe_ii\0	441	4183	6	91	1	174	100	9	4183	1	4105	12	4045	3	1890	118	1888	118	1885	59	4042	59	1459	498	2132	62		
a,mk_sprite's_staff_i\0	442	4965	6	92	1	174	60	8	4965	1	4106	12	1893	50	1881	100	1889	50	4042	50	1459	330	2132	62				
a,mk_sprite's_staff_ii\0	443	4184	6	92	1	174	100	9	4184	1	4106	12	4045	3	1893	75	1881	150	1889	75	4042	75	1459	491	2132	62		
a,mk_kshanberk_i\0	444	4966	6	142	1	174	60	8	4966	1	4107	12	1891	2	1890	72	1888	72	4042	36	1459	360	2132	62				
a,mk_kshanberk_ii\0	445	4185	6	142	1	174	100	8	4185	1	4107	12	4047	2	1890	114	1888	114	4042	57	1459	517	2132	62				
a,mk_sword_of_valhalla_i\0	446	4967	6	148	1	174	60	8	4967	1	4108	12	1891	2	1890	72	1888	72	4042	36	1459	360	2132	62				
a,mk_sword_of_valhalla_ii\0	447	4186	6	148	1	174	100	8	4186	1	4108	12	4047	2	1890	114	1888	114	4042	57	1459	517	2132	62				
a,mk_kris_i\0	448	4968	6	229	1	174	60	8	4968	1	4109	12	1891	2	1890	72	1888	72	4042	36	1459	360	2132	62				
a,mk_kris_ii\0	449	4187	6	229	1	174	100	8	4187	1	4109	12	4047	2	1890	114	1888	114	4042	57	1459	517	2132	62				
a,mk_hell_knife_i\0	450	4969	6	243	1	174	60	8	4969	1	4110	12	1891	2	1890	72	1888	72	4042	36	1459	360	2132	62				
a,mk_hell_knife_ii\0	451	4188	6	243	1	174	100	8	4188	1	4110	12	4047	2	1890	114	1888	114	4042	57	1459	517	2132	62				
a,mk_arthro_nail_i\0	452	4970	6	267	1	174	60	8	4970	1	4111	12	1890	80	1888	80	1885	40	4042	40	1459	325	2132	62				
a,mk_arthro_nail_ii\0	453	4189	6	267	1	174	100	9	4189	1	4111	12	4045	3	1890	118	1888	118	1885	59	4042	59	1459	498	2132	62		
a,mk_dark_elven_long_bow_i\0	454	4971	6	284	1	174	60	8	4971	1	4112	12	1890	125	1889	25	1885	25	4042	25	1459	350	2132	62				
a,mk_dark_elven_long_bow_ii\0	455	4190	6	284	1	174	100	9	4190	1	4112	12	4045	3	1890	185	1889	37	1885	37	4042	37	1459	534	2132	62		
a,mk_great_axe_i\0	456	4972	6	300	1	174	60	8	4972	1	4113	12	1890	100	1888	50	1885	25	4042	25	1459	360	2132	62				
a,mk_great_axe_ii\0	457	4191	6	300	1	174	100	9	4191	1	4113	12	4045	4	1890	160	1888	80	1885	40	4042	40	1459	353	2132	62		
a,mk_sword_of_damascus_i\0	458	5000	7	79	1	183	60	8	5000	1	4114	13	1891	2	1890	120	1888	120	4042	60	1460	160	2132	98				
a,mk_sword_of_damascus_ii\0	459	4192	7	79	1	183	100	8	4192	1	4114	13	4047	2	1890	172	1888	172	4042	86	1460	341	2132	98				
a,mk_lancia_i\0	460	5001	7	97	1	183	60	8	5001	1	4115	13	1890	160	1888	80	1885	40	4042	40	1460	168	2132	98				
a,mk_lancia_ii\0	461	4193	7	97	1	183	100	9	4193	1	4115	13	4045	4	1890	232	1888	116	1885	58	4042	58	1460	291	2132	98		
a,mk_deadman's_glory_i\0	462	5002	7	171	1	183	60	8	5002	1	4116	13	1890	120	1888	120	1885	60	4042	60	1460	165	2132	98				
a,mk_deadman's_glory_ii\0	463	4194	7	171	1	183	100	9	4194	1	4116	13	4045	3	1890	172	1888	172	1885	86	4042	86	1460	339	2132	98		
a,mk_art_of_battle_axe_i\0	464	5003	7	175	1	183	60	8	5003	1	4117	13	1890	120	1888	120	1885	60	4042	60	1460	165	2132	98				
a,mk_art_of_battle_axe_ii\0	465	4195	7	175	1	183	100	9	4195	1	4117	13	4045	3	1890	172	1888	172	1885	86	4042	86	1460	339	2132	98		
a,mk_staff_of_evil_sprit_i\0	466	5004	7	210	1	183	60	8	5004	1	4118	13	1893	75	1881	150	1889	75	4042	75	1460	165	2132	98				
a,mk_staff_of_evil_sprit_ii\0	467	4196	7	210	1	183	100	9	4196	1	4118	13	4045	3	1893	108	1881	216	1889	108	4042	108	1460	342	2132	98		
a,mk_demon's_sword_i\0	468	5005	7	234	1	183	60	8	5005	1	4119	13	1891	2	1890	120	1888	120	4042	60	1460	160	2132	98				
a,mk_demon's_sword_ii\0	469	4197	7	234	1	183	100	8	4197	1	4119	13	4047	2	1890	172	1888	172	4042	86	1460	341	2132	98				
a,mk_bellion_cestus_i\0	470	5006	7	268	1	183	60	8	5006	1	4120	13	1890	120	1888	120	1885	60	4042	60	1460	165	2132	98				
a,mk_bellion_cestus_ii\0	471	4198	7	268	1	183	100	9	4198	1	4120	13	4045	3	1890	172	1888	172	1885	86	4042	86	1460	339	2132	98		
a,mk_hazard_bow_i\0	472	5007	7	287	1	183	60	8	5007	1	4121	13	1890	200	1889	40	1885	40	4042	40	1460	155	2132	98				
a,mk_hazard_bow_ii\0	473	4199	7	287	1	183	100	9	4199	1	4121	13	4045	3	1890	285	1889	57	1885	57	4042	57	1460	328	2132	98		
a,mk_maestro_holder\0	474	4122	6	4045	1	60	100	3	1887	10	4040	10	4041	10														
a,mk_maestro_anvil_lock\0	475	4123	6	4046	1	60	100	3	1888	4	4039	4	4040	4														
a,mk_craftsman_mold\0	476	4124	6	4047	1	60	100	3	1891	2	4041	20	4042	5														
a,mk_maestro_mold\0	477	4125	6	4048	1	60	100	3	1892	1	4039	10	4043	5														
a,mk_avadon_shield_i\0	478	4936	6	673	1	174	60	8	4936	1	4439	12	1890	9	1888	3	1894	3	4043	3	1459	8	2132	3				
a,mk_avadon_shield_ii\0	479	4441	6	673	1	174	100	9	4441	1	4439	12	4046	1	1890	12	1888	4	1894	4	4043	4	1459	16	2132	3		
a,mk_comp_soulshot_d\0	480	5153	2	5135	1	90	100	2	1463	300	5192	3																
a,mk_comp_soulshot_c\0	481	5154	4	5136	1	180	100	2	1464	300	5193	3																
a,mk_comp_soulshot_b\0	482	5155	6	5137	1	270	100	2	1465	300	5194	6																
a,mk_comp_soulshot_a\0	483	5156	7	5138	1	360	100	2	1466	300	5195	6																
a,mk_comp_soulshot_s\0	484	5157	8	5139	1	450	100	2	1467	300	5196	2																
a,mk_comp_spiritshot_d\0	485	5158	2	5141	1	180	100	2	2510	300	5192	6																
a,mk_comp_spiritshot_c\0	486	5159	4	5142	1	360	100	2	2511	300	5193	7																
a,mk_comp_spiritshot_b\0	487	5160	6	5143	1	540	100	2	2512	300	5194	12																
a,mk_comp_spiritshot_a\0	488	5161	7	5144	1	720	100	2	2513	300	5195	9																
a,mk_comp_spiritshot_s\0	489	5162	8	5145	1	900	100	2	2514	300	5196	3																
a,mk_comp_bspiritshot_d\0	490	5163	2	5147	1	180	100	2	3948	300	5192	15																
a,mk_comp_bspiritshot_c\0	491	5164	4	5148	1	360	100	2	3949	300	5193	18																
a,mk_comp_bspiritshot_b\0	492	5165	6	5149	1	540	100	2	3950	300	5194	30																
a,mk_comp_bspiritshot_a\0	493	5166	7	5150	1	720	100	2	3951	300	5195	22																
a,mk_comp_bspiritshot_s\0	494	5167	8	5151	1	900	100	2	3952	300	5196	7																
a,mk_knuckle_dust\0	495	4440	5	4233	1	147	100	6	4438	9	1890	54	1888	54	1885	27	1459	200	2131	105								
a,mk_mithril_arrow\0	496	5230	4	1344	500	130	100	2	1878	4	1876	1																
a,mk_reinforcing_agent\0	497	5231	4	5220	1	40	100	3	1864	10	1865	10	1869	10														
a,mk_adv_comp_soulshot_d\0	498	5268	2	5251	1	90	100	2	1463	1000	5192	26																
a,mk_adv_comp_soulshot_c\0	499	5269	4	5252	1	180	100	2	1464	1000	5193	25																
a,mk_adv_comp_soulshot_b\0	500	5270	6	5253	1	270	100	2	1465	1000	5194	50																
a,mk_adv_comp_soulshot_a\0	501	5271	7	5254	1	360	100	2	1466	1000	5195	50																
a,mk_adv_comp_soulshot_s\0	502	5272	8	5255	1	450	100	2	1467	1000	5196	13																
a,mk_adv_comp_spiritshot_d\0	503	5273	2	5257	1	180	100	2	2510	1000	5192	50																
a,mk_adv_comp_spiritshot_c\0	504	5274	4	5258	1	360	100	2	2511	1000	5193	58																
a,mk_adv_comp_spiritshot_b\0	505	5275	6	5259	1	540	100	2	2512	1000	5194	100																
a,mk_adv_comp_spiritshot_a\0	506	5276	7	5260	1	720	100	2	2513	1000	5195	75																
a,mk_adv_comp_spiritshot_s\0	507	5277	8	5261	1	900	100	2	2514	1000	5196	20																
a,mk_adv_comp_bspiritshot_d\0	508	5278	2	5263	1	180	100	2	3948	1000	5192	125																
a,mk_adv_comp_bspiritshot_c\0	509	5279	4	5264	1	360	100	2	3949	1000	5193	150																
a,mk_adv_comp_bspiritshot_b\0	510	5280	6	5265	1	540	100	2	3950	1000	5194	248																
a,mk_adv_comp_bspiritshot_a\0	511	5281	7	5266	1	720	100	2	3951	1000	5195	182																
a,mk_adv_comp_bspiritshot_s\0	512	5282	8	5267	1	900	100	2	3952	1000	5196	46																
a,mk_sealed_dark_crystal_leather_mail_i\0	513	5332	7	5297	1	192	60	8	5332	1	5478	13	4046	1	1894	100	1895	60	4043	20	1460	37	2132	73				
a,mk_sealed_dark_crystal_leather_mail_ii\0	514	5333	7	5297	1	192	100	8	5333	1	5478	13	5551	1	1894	180	1895	108	4043	36	1460	70	2132	67				
a,mk_sealed_tallum_leather_mail_i\0	515	5334	7	5301	1	192	60	9	5334	1	5479	13	4046	1	1894	132	1895	66	1889	33	4043	33	1460	56	2132	112		
a,mk_sealed_tallum_leather_mail_ii\0	516	5335	7	5301	1	192	100	9	5335	1	5479	13	5553	1	1894	260	1895	130	1889	65	4043	65	1460	99	2132	103		
a,mk_sealed_leather_mail_of_nightmare_i\0	517	5336	8	5320	1	201	60	9	5336	1	5480	14	4046	1	1894	220	1895	110	1889	55	4043	55	1461	44	2133	17		
a,mk_sealed_leather_mail_of_nightmare_ii\0	518	5337	8	5320	1	201	100	9	5337	1	5480	14	5553	1	1894	400	1895	200	1889	100	4043	100	1461	87	2133	17		
a,mk_sealed_majestic_leather_mail_i\0	519	5338	8	5323	1	201	60	9	5338	1	5481	14	4046	1	1894	220	1895	110	1889	55	4043	55	1461	44	2133	17		
a,mk_sealed_majestic_leather_mail_ii\0	520	5339	8	5323	1	201	100	9	5339	1	5481	14	5553	1	1894	400	1895	200	1889	100	4043	100	1461	87	2133	17		
a,mk_sealed_legging_of_dark_crystal_i\0	521	5340	7	5298	1	192	60	8	5340	1	5482	13	4046	1	1894	60	1895	36	4043	12	1460	22	2132	43				
a,mk_sealed_legging_of_dark_crystal_ii\0	522	5341	7	5298	1	192	100	8	5341	1	5482	13	5551	1	1894	100	1895	60	4043	20	1460	44	2132	39				
a,mk_sealed_tallum_tunic_i\0	523	5346	7	5304	1	192	60	8	5346	1	5485	13	4046	1	1894	100	1895	60	4043	20	1460	37	2132	73				
a,mk_sealed_tallum_tunic_ii\0	524	5347	7	5304	1	192	100	8	5347	1	5485	13	5551	1	1894	180	1895	108	4043	36	1460	70	2132	67				
a,mk_sealed_dark_crystal_robe_i\0	525	5348	7	5308	1	192	60	9	5348	1	5486	13	4046	1	1894	140	1895	70	1889	35	4043	35	1460	49	2132	112		
a,mk_sealed_dark_crystal_robe_ii\0	526	5349	7	5308	1	192	100	9	5349	1	5486	13	5553	1	1894	210	1895	126	1889	42	4043	42	1460	173	2132	103		
a,mk_sealed_robe_of_nightmare_i\0	527	5350	8	5326	1	201	60	9	5350	1	5487	14	4046	1	1894	204	1895	102	1889	51	4043	51	1461	53	2133	17		
a,mk_sealed_robe_of_nightmare_ii\0	528	5351	8	5326	1	201	100	9	5351	1	5487	14	5553	1	1894	400	1895	200	1889	100	4043	100	1461	87	2133	17		
a,mk_sealed_majestic_robe_i\0	529	5352	8	5329	1	201	60	9	5352	1	5488	14	4046	1	1894	204	1895	102	1889	51	4043	51	1461	53	2133	17		
a,mk_sealed_majestic_robe_ii\0	530	5353	8	5329	1	201	100	9	5353	1	5488	14	5553	1	1894	400	1895	200	1889	100	4043	100	1461	87	2133	17		
a,mk_sealed_tallum_hose_i\0	531	5354	7	5305	1	192	60	8	5354	1	5489	13	4046	1	1894	60	1895	36	4043	12	1460	22	2132	43				
a,mk_sealed_tallum_hose_ii\0	532	5355	7	5305	1	192	100	8	5355	1	5489	13	5551	1	1894	40	1895	24	4043	8	1460	21	2132	39				
a,mk_sealed_dark_crystal_shield_i\0	533	5364	7	5292	1	192	60	9	5364	1	5494	13	4046	1	1890	12	1888	4	1894	4	4043	4	1460	9	2132	22		
a,mk_sealed_dark_crystal_shield_ii\0	534	5365	7	5292	1	192	100	9	5365	1	5494	13	5551	1	1890	18	1888	6	1894	6	4043	6	1460	20	2132	20		
a,mk_sealed_shield_of_nightmare_i\0	535	5366	8	5315	1	201	60	9	5366	1	5495	14	4046	1	1890	21	1888	7	1894	7	4043	7	1461	12	2133	3		
a,mk_sealed_shield_of_nightmare_ii\0	536	5367	8	5315	1	201	100	9	5367	1	5495	14	5551	1	1890	33	1888	11	1894	11	4043	11	1461	26	2133	3		
a,mk_sealed_dark_crystal_boots_i\0	537	5368	7	5291	1	192	60	8	5368	1	5496	13	4046	1	1894	25	1885	15	4043	5	1460	10	2132	21				
a,mk_sealed_dark_crystal_boots_ii\0	538	5369	7	5291	1	192	100	8	5369	1	5496	13	5552	1	1894	20	1885	12	4043	4	1460	18	2132	19				
a,mk_sealed_tallum_boots_i\0	539	5370	7	5296	1	192	60	8	5370	1	5497	13	4046	1	1894	25	1885	15	4043	5	1460	10	2132	21				
a,mk_sealed_tallum_boots_ii\0	540	5371	7	5296	1	192	100	8	5371	1	5497	13	5552	1	1894	20	1885	12	4043	4	1460	18	2132	19				
a,mk_sealed_boots_of_nightmare_i\0	541	5380	8	5314	1	201	60	8	5380	1	5502	14	4046	1	1894	40	1885	24	4043	8	1461	11	2133	3				
a,mk_sealed_boots_of_nightmare_ii\0	542	5381	8	5314	1	201	100	8	5381	1	5502	14	5552	1	1894	50	1885	130	4043	10	1461	20	2133	3				
a,mk_sealed_magestic_boots_i\0	543	5382	8	5319	1	201	60	8	5382	1	5503	14	4046	1	1894	40	1885	24	4043	8	1461	11	2133	3				
a,mk_sealed_magestic_boots_ii\0	544	5383	8	5319	1	201	100	8	5383	1	5503	14	5552	1	1894	50	1885	130	4043	10	1461	20	2133	3				
a,mk_sealed_dark_crystal_gloves_i\0	545	5392	7	5290	1	192	60	8	5392	1	5508	13	4046	1	1894	25	1885	15	4043	5	1460	10	2132	21				
a,mk_sealed_dark_crystal_gloves_ii\0	546	5393	7	5290	1	192	100	8	5393	1	5508	13	5552	1	1894	20	1885	12	4043	4	1460	18	2132	19				
a,mk_sealed_tallum_gloves_i\0	547	5394	7	5295	1	192	60	8	5394	1	5509	13	4046	1	1894	25	1885	15	4043	5	1460	10	2132	21				
a,mk_sealed_tallum_gloves_ii\0	548	5395	7	5295	1	192	100	8	5395	1	5509	13	5552	1	1894	20	1885	12	4043	4	1460	18	2132	19				
a,mk_sealed_gloves_of_nightmare_i\0	549	5404	8	5313	1	201	60	8	5404	1	5514	14	4046	1	1894	40	1885	24	4043	8	1461	11	2133	3				
a,mk_sealed_gloves_of_nightmare_ii\0	550	5405	8	5313	1	201	100	8	5405	1	5514	14	5552	1	1894	50	1885	130	4043	10	1461	20	2133	3				
a,mk_sealed_magestic_gloves_i\0	551	5406	8	5318	1	201	60	8	5406	1	5515	14	4046	1	1894	40	1885	24	4043	8	1461	11	2133	3				
a,mk_sealed_magestic_gloves_ii\0	552	5407	8	5318	1	201	100	8	5407	1	5515	14	5552	1	1894	50	1885	130	4043	10	1461	20	2133	3				
a,mk_sealed_dark_crystal_breastplate_i\0	553	5416	7	5287	1	192	60	7	5416	1	5520	13	4048	3	1890	42	4043	28	1460	40	2132	101						
a,mk_sealed_dark_crystal_breastplate_ii\0	554	5417	7	5287	1	192	100	7	5417	1	5520	13	5553	3	1890	36	4043	24	1460	80	2132	93						
a,mk_sealed_tallum_plate_armor_i\0	555	5418	7	5293	1	192	60	8	5418	1	5521	13	4048	4	1890	54	1887	18	4043	36	1460	63	2132	156				
a,mk_sealed_tallum_plate_armor_ii\0	556	5419	7	5293	1	192	100	8	5419	1	5521	13	5553	4	1890	54	1887	18	4043	36	1460	118	2132	142				
a,mk_sealed_armor_of_nightmare_i\0	557	5420	8	5311	1	201	60	8	5420	1	5522	14	4048	4	1890	99	1887	33	4043	66	1461	61	2133	23				
a,mk_sealed_armor_of_nightmare_ii\0	558	5421	8	5311	1	201	100	8	5421	1	5522	14	5553	4	1890	141	1887	47	4043	94	1461	104	2133	23				
a,mk_sealed_majestic_platte_armor_i\0	559	5422	8	5316	1	201	60	8	5422	1	5523	14	4048	4	1890	99	1887	33	4043	66	1461	61	2133	23				
a,mk_sealed_majestic_platte_armor_ii\0	560	5423	8	5316	1	201	100	8	5423	1	5523	14	5553	4	1890	141	1887	47	4043	94	1461	104	2133	23				
a,mk_sealed_dark_crystal_gaiters_i\0	561	5424	7	5288	1	192	60	7	5424	1	5524	13	4048	2	1890	24	4043	16	1460	27	2132	59						
a,mk_sealed_dark_crystal_gaiters_ii\0	562	5425	7	5288	1	192	100	7	5425	1	5524	13	5553	2	1890	18	4043	12	1460	49	2132	54						
a,mk_sealed_dark_crystal_helmet_i\0	563	5426	7	5289	1	192	60	7	5426	1	5525	13	4048	1	1894	40	4043	4	1460	19	2132	33						
a,mk_sealed_dark_crystal_helmet_ii\0	564	5427	7	5289	1	192	100	7	5427	1	5525	13	5551	1	1894	90	4043	9	1460	32	2132	30						
a,mk_sealed_tallum_bonnet_i\0	565	5428	7	5294	1	192	60	7	5428	1	5526	13	4048	1	1894	40	4043	4	1460	19	2132	33						
a,mk_sealed_tallum_bonnet_ii\0	566	5429	7	5294	1	192	100	7	5429	1	5526	13	5551	1	1894	90	4043	9	1460	32	2132	30						
a,mk_sealed_helm_of_nightmare_i\0	567	5430	8	5312	1	201	60	7	5430	1	5527	14	4048	1	1894	80	4043	8	1461	15	2133	5						
a,mk_sealed_helm_of_nightmare_ii\0	568	5431	8	5312	1	201	100	7	5431	1	5527	14	5551	1	1894	160	4043	16	1461	27	2133	5						
a,mk_sealed_magestic_circlet_i\0	569	5432	8	5317	1	201	60	7	5432	1	5528	14	4048	1	1894	80	4043	8	1461	15	2133	5						
a,mk_sealed_magestic_circlet_ii\0	570	5433	8	5317	1	201	100	7	5433	1	5528	14	5551	1	1894	160	4043	16	1461	27	2133	5						
a,mk_dragon_slayer_i\0	571	5434	8	81	1	201	60	9	5434	1	5529	14	4047	3	1890	156	1888	78	5550	78	4042	78	1461	195	2133	74		
a,mk_dragon_slayer_ii\0	572	5435	8	81	1	201	100	9	5435	1	5529	14	4047	4	1890	334	1888	167	5550	167	4042	167	1461	369	2133	74		
a,mk_berserker_blade\0	573	5436	6	5286	1	165	100	7	5530	11	1891	3	1890	86	1888	43	5220	172	1459	375	2131	248						
a,mk_heavy_sword\0	574	5437	2	5285	1	84	100	6	5531	4	1883	3	1880	60	1879	30	1458	117	2130	34								
a,mk_meteor_shower_i\0	575	5438	7	2504	1	192	60	10	5438	1	5532	13	4045	3	1890	60	1888	60	1885	30	4042	30	5550	120	1460	215	2132	143
a,mk_meteor_shower_ii\0	576	5439	7	2504	1	192	100	10	5439	1	5532	13	5554	2	1890	122	1888	122	1885	61	4042	61	5550	244	1460	415	2132	143
a,mk_elysian_i\0	577	5440	8	164	1	201	60	10	5440	1	5533	14	4045	3	1890	98	1888	98	1885	49	4042	49	5550	196	1461	194	2133	74
a,mk_elysian_ii\0	578	5441	8	164	1	201	100	10	5441	1	5533	14	5554	2	1890	194	1888	194	1885	97	4042	97	5550	388	1461	370	2133	74
a,mk_soul_bow_i\0	579	5442	8	289	1	201	60	10	5442	1	5534	14	4045	3	1890	245	1889	49	1885	49	4042	49	5550	98	1461	197	2133	74
a,mk_soul_bow_ii\0	580	5443	8	289	1	201	100	10	5443	1	5534	14	5554	2	1890	490	1889	98	1885	98	4042	98	5550	196	1461	369	2133	74
a,mk_carnium_bow_i\0	581	5444	7	288	1	192	60	10	5444	1	5535	13	4045	3	1890	150	1889	30	1885	30	4042	30	5550	60	1460	219	2132	143
a,mk_carnium_bow_ii\0	582	5445	7	288	1	192	100	10	5445	1	5535	13	5554	2	1890	305	1889	61	1885	61	4042	61	5550	122	1460	421	2132	143
a,mk_bloody_orchid_i\0	583	5446	7	235	1	192	60	9	5446	1	5536	13	4047	3	1890	82	1888	82	5550	41	4042	41	1460	193	2132	143		
a,mk_bloody_orchid_ii\0	584	5447	7	235	1	192	100	9	5447	1	5536	13	4047	4	1890	196	1888	196	5550	98	4042	98	1460	344	2132	143		
a,mk_soul_separator_i\0	585	5448	8	236	1	201	60	9	5448	1	5537	14	4047	3	1890	156	1888	156	5550	78	4042	78	1461	161	2133	74		
a,mk_soul_separator_ii\0	586	5449	8	236	1	201	100	9	5449	1	5537	14	4047	4	1890	334	1888	334	5550	167	4042	167	1461	295	2133	74		
a,mk_dragon_grinder_i\0	587	5450	8	270	1	201	60	10	5450	1	5538	14	4045	3	1890	98	1888	98	1885	49	4042	49	5550	196	1461	194	2133	74
a,mk_dragon_grinder_ii\0	588	5451	8	270	1	201	100	10	5451	1	5538	14	5554	2	1890	194	1888	194	1885	97	4042	97	5550	388	1461	370	2133	74
a,mk_blood_tornado_i\0	589	5452	7	269	1	192	60	10	5452	1	5539	13	4045	3	1890	60	1888	60	1885	30	4042	30	5550	120	1460	215	2132	143
a,mk_blood_tornado_ii\0	590	5453	7	269	1	192	100	10	5453	1	5539	13	5554	2	1890	122	1888	122	1885	61	4042	61	5550	244	1460	415	2132	143
a,mk_tallum_glaive_i\0	591	5456	8	305	1	201	60	10	5456	1	5541	14	4045	4	1890	148	1888	74	1885	37	4042	37	5550	148	1461	193	2133	74
a,mk_tallum_glaive_ii\0	592	5457	8	305	1	201	100	10	5457	1	5541	14	5554	3	1890	292	1888	146	1885	73	4042	73	5550	292	1461	366	2133	74
a,mk_halbard_i\0	593	5458	7	98	1	192	60	10	5458	1	5542	13	4045	4	1890	84	1888	42	1885	21	4042	21	5550	84	1460	222	2132	143
a,mk_halbard_ii\0	594	5459	7	98	1	192	100	10	5459	1	5542	13	5554	3	1890	172	1888	86	1885	43	4042	43	5550	172	1460	419	2132	143
a,mk_dasparion's_staff_i\0	595	5460	7	212	1	192	60	10	5460	1	5543	13	4045	3	1893	47	1881	94	1889	47	4042	47	5550	94	1460	216	2132	143
a,mk_dasparion's_staff_ii\0	596	5461	7	212	1	192	100	10	5461	1	5543	13	5554	2	1893	96	1881	192	1889	96	4042	96	5550	192	1460	412	2132	143
a,mk_worldtree's_branch_i\0	597	5462	8	213	1	201	60	10	5462	1	5544	14	4045	3	1893	77	1881	154	1889	77	4042	77	5550	154	1461	193	2133	74
a,mk_worldtree's_branch_ii\0	598	5463	8	213	1	201	100	10	5463	1	5544	14	5554	2	1893	153	1881	306	1889	153	4042	153	5550	306	1461	366	2133	74
a,mk_dark_legion's_edge_i\0	599	5464	8	2500	1	201	60	9	5464	1	5545	14	4047	3	1890	156	1888	156	5550	78	4042	78	1461	161	2133	74		
a,mk_dark_legion's_edge_ii\0	600	5465	8	2500	1	201	100	9	5465	1	5545	14	4047	4	1890	334	1888	334	5550	167	4042	167	1461	295	2133	74		
a,mk_sword_of_miracle_i\0	601	5466	8	151	1	201	60	9	5466	1	5546	14	4047	3	1890	160	1888	160	5550	80	4042	80	1461	152	2133	74		
a,mk_sword_of_miracle_ii\0	602	5467	8	151	1	201	100	9	5467	1	5546	14	4047	4	1890	320	1888	320	5550	160	4042	160	1461	372	2133	74		
a,mk_elemental_sword_i\0	603	5468	7	150	1	192	60	9	5468	1	5547	13	4047	3	1890	82	1888	82	5550	41	4042	41	1460	193	2132	143		
a,mk_elemental_sword_ii\0	604	5469	7	150	1	192	100	9	5469	1	5547	13	4047	4	1890	196	1888	196	5550	98	4042	98	1460	344	2132	143		
a,mk_tallum_blade_i\0	605	5470	7	80	1	192	60	9	5470	1	5548	13	4047	3	1890	82	1888	82	5550	41	4042	41	1460	192	2132	143		
a,mk_tallum_blade_ii\0	606	5471	7	80	1	192	100	9	5471	1	5548	13	4047	4	1890	196	1888	196	5550	98	4042	98	1460	344	2132	143		
a,mk_iron_thread\0	607	5472	4	5549	1	40	100	2	1868	10	1869	5																
a,mk_reinforcing_plate\0	608	5473	4	5550	1	40	100	2	5549	5	1876	5																
a,mk_reorins_mold\0	609	5474	5	5551	1	50	100	3	1884	40	5550	10	1877	15														
a,mk_warsmith_mold\0	610	5475	6	5552	1	60	100	3	1891	1	4041	10	4042	5														
a,mk_arcsmith_anvil\0	611	5476	6	5553	1	60	100	3	4046	3	4040	20	4044	10														
a,mk_warsmith_holder\0	612	5477	6	5554	1	60	100	3	4045	2	4039	10	1868	20														
a,mk_sealed_phoenix's_earing_i\0	613	6331	7	6324	1	192	70	8	6331	1	6341	13	4048	1	1895	35	1887	21	4044	7	1460	18	2132	29				
a,mk_sealed_phoenix's_earing_ii\0	614	6332	7	6324	1	192	100	8	6332	1	6341	13	5552	1	1895	35	1887	21	4044	7	1460	27	2132	29				
a,mk_sealed_majestic_earing_i\0	615	6337	8	6327	1	201	70	8	6337	1	6342	14	4048	1	1895	65	1887	39	4044	13	1461	15	2133	5				
a,mk_sealed_majestic_earing_ii\0	616	6338	8	6327	1	201	100	8	6338	1	6342	14	5552	1	1895	80	1887	48	4044	16	1461	24	2133	5				
a,mk_sealed_phoenix's_necklace_i\0	617	6329	7	6323	1	192	70	8	6329	1	6343	13	4048	1	1895	55	1887	33	4044	11	1460	23	2132	12				
a,mk_sealed_phoenix's_necklace_ii\0	618	6330	7	6323	1	192	100	8	6330	1	6343	13	5552	1	1895	60	1887	36	4044	12	1460	37	2132	12				
a,mk_sealed_majestic_necklace_i\0	619	6335	8	6326	1	201	70	8	6335	1	6344	14	4048	1	1895	100	1887	60	4044	20	1461	17	2133	6				
a,mk_sealed_majestic_necklace_ii\0	620	6336	8	6326	1	201	100	8	6336	1	6344	14	5552	1	1895	120	1887	72	4044	24	1461	34	2133	6				
a,mk_sealed_phoenix's_ring_i\0	621	6333	7	6325	1	192	70	8	6333	1	6345	13	1892	1	1895	30	1887	18	4044	6	1460	11	2132	18				
a,mk_sealed_phoenix's_ring_ii\0	622	6334	7	6325	1	192	100	8	6334	1	6345	13	4048	1	1895	40	1887	24	4044	8	1460	17	2132	18				
a,mk_sealed_majestic_ring_i\0	623	6339	8	6328	1	201	70	8	6339	1	6346	14	1892	1	1895	45	1887	27	4044	9	1461	12	2133	3				
a,mk_sealed_majestic_ring_ii\0	624	6340	8	6328	1	201	100	8	6340	1	6346	14	4048	1	1895	70	1887	42	4044	14	1461	15	2133	3				
a,mk_shining_arrow\0	625	6901	5	1345	500	150	100	2	1876	2	1878	4																
a,mk_forgotten_blade_i\0	626	6881	9	6364	1	225	60	9	6881	1	6688	17	5554	4	1890	264	1888	264	5550	132	4042	132	1462	211	2134	43		
a,mk_forgotten_blade_ii\0	627	6882	9	6364	1	225	100	9	6882	1	6688	17	5554	8	1890	486	1888	486	5550	243	4042	243	1462	399	2134	43		
a,mk_basalt_battlehammer_i\0	628	6883	9	6365	1	225	60	9	6883	1	6689	17	5554	4	1890	154	1888	154	5550	308	4042	77	1462	211	2134	43		
a,mk_basalt_battlehammer_ii\0	629	6884	9	6365	1	225	100	9	6884	1	6689	17	5554	8	1890	284	1888	284	5550	568	4042	142	1462	398	2134	43		
a,mk_imperial_staff_i\0	630	6885	9	6366	1	225	60	10	6885	1	6690	17	5554	4	1893	121	5550	242	1889	121	1881	242	4042	121	1462	210	2134	43
a,mk_imperial_staff_ii\0	631	6886	9	6366	1	225	100	10	6886	1	6690	17	5554	8	1893	222	5550	444	1889	222	1881	444	4042	222	1462	400	2134	43
a,mk_angel_slayer_i\0	632	6887	9	6367	1	225	60	9	6887	1	6691	17	5554	4	1890	264	1888	264	5550	132	4042	132	1462	211	2134	43		
a,mk_angel_slayer_ii\0	633	6888	9	6367	1	225	100	9	6888	1	6691	17	5554	8	1890	486	1888	486	5550	243	4042	243	1462	399	2134	43		
a,mk_shining_bow_i\0	634	6889	9	6368	1	225	60	9	6889	1	6692	17	5554	4	1890	375	1888	75	5550	150	4042	75	1462	212	2134	43		
a,mk_shining_bow_ii\0	635	6890	9	6368	1	225	100	9	6890	1	6692	17	5554	8	1890	695	1888	139	5550	278	4042	139	1462	397	2134	43		
a,mk_dragon_hunter_axe_i\0	636	6891	9	6369	1	225	60	9	6891	1	6693	17	5554	4	1890	248	1888	124	5550	248	4042	62	1462	214	2134	43		
a,mk_dragon_hunter_axe_ii\0	637	6892	9	6369	1	225	100	9	6892	1	6693	17	5554	8	1890	464	1888	232	5550	464	4042	116	1462	395	2134	43		
a,mk_saint_spear_i\0	638	6893	9	6370	1	225	60	9	6893	1	6694	17	5554	4	1890	248	1888	124	5550	248	4042	62	1462	214	2134	43		
a,mk_saint_spear_ii\0	639	6894	9	6370	1	225	100	9	6894	1	6694	17	5554	8	1890	464	1888	232	5550	464	4042	116	1462	395	2134	43		
a,mk_demon_splinter_i\0	640	6895	9	6371	1	225	60	9	6895	1	6695	17	5554	4	1890	154	1888	154	5550	308	4042	77	1462	211	2134	43		
a,mk_demon_splinter_ii\0	641	6896	9	6371	1	225	100	9	6896	1	6695	17	5554	8	1890	284	1888	284	5550	568	4042	142	1462	398	2134	43		
a,mk_heavens_divider_i\0	642	6897	9	6372	1	225	60	9	6897	1	6696	17	5554	4	1890	292	1888	146	5550	146	4042	146	1462	212	2134	43		
a,mk_heavens_divider_ii\0	643	6898	9	6372	1	225	100	9	6898	1	6696	17	5554	8	1890	540	1888	270	5550	270	4042	270	1462	399	2134	43		
a,mk_arcana_mace_i\0	644	6899	9	6579	1	225	60	9	6899	1	6697	17	5554	4	1890	154	1888	154	5550	308	4042	77	1462	211	2134	43		
a,mk_arcana_mace_ii\0	645	6900	9	6579	1	225	100	9	6900	1	6697	17	5554	8	1890	284	1888	284	5550	568	4042	142	1462	398	2134	43		
a,mk_sealed_sanddragon's_earing_i\0	646	6847	9	6724	1	225	70	8	6847	1	6698	17	5552	1	1895	105	1887	63	4044	21	1462	18	2134	3				
a,mk_sealed_sanddragon's_earing_ii\0	647	6848	9	6724	1	225	100	8	6848	1	6698	17	5552	1	1895	195	1887	117	4044	39	1462	29	2134	3				
a,mk_sealed_ring_of_aurakyria_i\0	648	6849	9	6725	1	225	70	8	6849	1	6699	17	4048	1	1895	85	1887	51	4044	17	1462	12	2134	2				
a,mk_sealed_ring_of_aurakyria_ii\0	649	6850	9	6725	1	225	100	8	6850	1	6699	17	4048	1	1895	145	1887	87	4044	29	1462	20	2134	2				
a,mk_sealed_dragon_necklace_i\0	650	6851	9	6726	1	225	70	8	6851	1	6700	17	5552	1	1895	160	1887	96	4044	32	1462	24	2134	4				
a,mk_sealed_dragon_necklace_ii\0	651	6852	9	6726	1	225	100	8	6852	1	6700	17	5552	1	1895	280	1887	168	4044	56	1462	39	2134	4				
a,mk_sealed_imperial_crusader_armor_i\0	652	6853	9	6674	1	225	60	7	6853	1	6701	17	5553	3	1890	117	4043	78	1462	62	2134	11						
a,mk_sealed_imperial_crusader_armor_ii\0	653	6854	9	6674	1	225	100	7	6854	1	6701	17	5553	4	1890	273	4043	182	1462	117	2134	11						
a,mk_sealed_imperial_crusader_gaiters_i\0	654	6855	9	6675	1	225	60	7	6855	1	6702	17	5553	2	1890	72	4043	48	1462	37	2134	6						
a,mk_sealed_imperial_crusader_gaiters_ii\0	655	6856	9	6675	1	225	100	7	6856	1	6702	17	5553	3	1890	156	4043	104	1462	73	2134	6						
a,mk_sealed_imperial_crusader_gauntlet_i\0	656	6857	9	6676	1	225	60	6	6857	1	6703	17	5552	1	4043	12	1462	16	2134	2								
a,mk_sealed_imperial_crusader_gauntlet_ii\0	657	6858	9	6676	1	225	100	6	6858	1	6703	17	5552	1	4043	31	1462	30	2134	2								
a,mk_sealed_imperial_crusader_boots_i\0	658	6859	9	6677	1	225	60	6	6859	1	6704	17	5552	1	4043	12	1462	16	2134	2								
a,mk_sealed_imperial_crusader_boots_ii\0	659	6860	9	6677	1	225	100	6	6860	1	6704	17	5552	1	4043	31	1462	30	2134	2								
a,mk_sealed_imperial_crusader_shield_i\0	660	6861	9	6678	1	225	60	8	6861	1	6705	17	5551	1	1890	36	1888	12	4043	12	1462	17	2134	2				
a,mk_sealed_imperial_crusader_shield_ii\0	661	6862	9	6678	1	225	100	8	6862	1	6705	17	5551	1	1890	87	1888	29	4043	29	1462	32	2134	2				
a,mk_sealed_imperial_crusader_helmet_i\0	662	6863	9	6679	1	225	60	5	6863	1	6706	17	5551	1	1462	25	2134	4										
a,mk_sealed_imperial_crusader_helmet_ii\0	663	6864	9	6679	1	225	100	6	6864	1	6706	17	5551	1	4043	37	1462	43	2134	4								
a,mk_sealed_draconic_leather_armor_i\0	664	6865	9	6680	1	225	60	8	6865	1	6707	17	5553	3	1895	168	1889	84	4043	84	1462	75	2134	14				
a,mk_sealed_draconic_leather_armor_ii\0	665	6866	9	6680	1	225	100	8	6866	1	6707	17	5553	6	1895	304	1889	152	4043	152	1462	144	2134	14				
a,mk_sealed_draconic_leather_gloves_i\0	666	6867	9	6681	1	225	60	6	6867	1	6708	17	5552	1	4043	12	1462	16	2134	2								
a,mk_sealed_draconic_leather_gloves_ii\0	667	6868	9	6681	1	225	100	6	6868	1	6708	17	5552	1	4043	31	1462	30	2134	2								
a,mk_sealed_draconic_leather_boots_i\0	668	6869	9	6682	1	225	60	6	6869	1	6709	17	5552	1	4043	12	1462	16	2134	2								
a,mk_sealed_draconic_leather_boots_ii\0	669	6870	9	6682	1	225	100	6	6870	1	6709	17	5552	1	4043	31	1462	30	2134	2								
a,mk_sealed_draconic_leather_helmet_i\0	670	6871	9	6683	1	225	60	5	6871	1	6710	17	5551	1	1462	25	2134	4										
a,mk_sealed_draconic_leather_helmet_ii\0	671	6872	9	6683	1	225	100	6	6872	1	6710	17	5551	1	4043	37	1462	43	2134	4								
a,mk_sealed_major_arcana_robe_i\0	672	6873	9	6684	1	225	60	8	6873	1	6711	17	5553	3	1895	168	1889	84	4043	84	1462	75	2134	14				
a,mk_sealed_major_arcana_robe_ii\0	673	6874	9	6684	1	225	100	8	6874	1	6711	17	5553	6	1895	304	1889	152	4043	152	1462	144	2134	14				
a,mk_sealed_major_arcana_gloves_i\0	674	6875	9	6685	1	225	60	6	6875	1	6712	17	5552	1	4043	12	1462	16	2134	2								
a,mk_sealed_major_arcana_gloves_ii\0	675	6876	9	6685	1	225	100	6	6876	1	6712	17	5552	1	4043	31	1462	30	2134	2								
a,mk_sealed_major_arcana_boots_i\0	676	6877	9	6686	1	225	60	6	6877	1	6713	17	5552	1	4043	12	1462	16	2134	2								
a,mk_sealed_major_arcana_boots_ii\0	677	6878	9	6686	1	225	100	6	6878	1	6713	17	5552	1	4043	31	1462	30	2134	2								
a,mk_sealed_major_arcana_hood_i\0	678	6879	9	6687	1	225	60	5	6879	1	6714	17	5551	1	1462	25	2134	4										
a,mk_sealed_major_arcana_hood_ii\0	679	6880	9	6687	1	225	100	6	6880	1	6714	17	5551	1	4043	37	1462	43	2134	4								
a,mk_fish_oil_average\0	680	6920	2	6909	1	75	100	1	6908	4																		
a,mk_fish_oil_high\0	681	6921	3	6910	1	99	100	1	6909	4																		
a,mk_party_mask\0	682	6922	4	5808	1	138	100	4	6922	1	6904	20	6913	300	6914	150												
a,mk_hair_pin_of_lady\0	683	6923	4	6844	1	138	100	4	6923	1	6905	20	6913	300	6914	150												
a,mk_eye_bandage_of_pirate\0	684	6924	4	6845	1	138	100	4	6924	1	6906	20	6913	300	6914	150												
a,mk_monocle\0	685	6925	4	6846	1	138	100	4	6925	1	6907	20	6913	300	6914	150												
a,mk_lesser_healing_potion\0	686	6926	1	1060	1	30	100	1	6908	2																		
a,mk_healing_potion\0	687	6927	2	1061	1	90	100	2	6908	2	6911	1																
a,mk_greater_healing_potion\0	688	6928	5	1539	1	150	100	2	6908	3	6911	3																
a,mk_antidote\0	689	6929	1	1831	1	45	100	1	6908	2																		
a,mk_advanced_antidote\0	690	6930	2	1832	1	90	100	1	6908	3																		
a,mk_bandage\0	691	6931	1	1833	1	45	100	1	6908	2																		
a,mk_emergency_dressing\0	692	6932	2	1834	1	90	100	1	6908	3																		
a,mk_quick_step_potion\0	693	6933	1	734	1	60	100	2	6908	4	6911	4																
a,mk_swift_attack_potion\0	694	6934	1	735	1	60	100	2	6908	5	6911	9																
a,mk_adv_quick_step_potion\0	695	6935	3	1374	1	120	100	2	6909	4	6911	7																
a,mk_adv_swift_attack_potion\0	696	6936	3	1375	1	120	100	2	6909	10	6911	12																
a,mk_potion_of_acumen2\0	697	6937	1	6035	1	60	100	2	6908	10	6911	7																
a,mk_potion_of_acumen3\0	698	6938	3	6036	1	120	100	2	6909	10	6911	12																
a,mk_bighead_potion\0	699	6939	2	5234	1	96	100	3	6939	1	6909	10	6911	28														
a,mk_masktype_a_potion\0	700	6940	3	5235	1	114	100	4	6940	1	6909	6	6911	50	6912	15												
a,mk_masktype_b_potion\0	701	6941	3	5236	1	114	100	4	6941	1	6909	6	6911	50	6912	15												
a,mk_masktype_c_potion\0	702	6942	3	5237	1	114	100	4	6942	1	6909	6	6911	50	6912	15												
a,mk_haircolor_a_potion\0	703	6943	3	5238	1	114	100	4	6943	1	6909	6	6911	50	6912	15												
a,mk_haircolor_b_potion\0	704	6944	3	5239	1	114	100	4	6944	1	6909	6	6911	50	6912	15												
a,mk_haircolor_c_potion\0	705	6945	3	5240	1	114	100	4	6945	1	6909	6	6911	50	6912	15												
a,mk_haircolor_d_potion\0	706	6946	3	5241	1	114	100	4	6946	1	6909	6	6911	50	6912	15												
a,mk_hairstyle_a_potion\0	707	6947	3	5242	1	114	100	4	6947	1	6909	6	6911	50	6912	15												
a,mk_hairstyle_b_potion\0	708	6948	3	5243	1	114	100	4	6948	1	6909	6	6911	50	6912	15												
a,mk_hairstyle_c_potion\0	709	6949	3	5244	1	114	100	4	6949	1	6909	6	6911	50	6912	15												
a,mk_hairstyle_d_potion\0	710	6950	3	5245	1	114	100	4	6950	1	6909	6	6911	50	6912	15												
a,mk_hairstyle_e_potion\0	711	6951	3	5246	1	114	100	4	6951	1	6909	6	6911	50	6912	15												
a,mk_hairstyle_f_potion\0	712	6952	3	5247	1	114	100	4	6952	1	6909	6	6911	50	6912	15												
a,mk_hairstyle_g_potion\0	713	6953	3	5248	1	114	100	4	6953	1	6909	6	6911	50	6912	15												
a,mk_dye_s1c1_d\0	714	6954	4	4469	1	126	100	4	6954	1	6909	10	6915	70	6916	10												
a,mk_dye_s1d1_d\0	715	6955	4	4470	1	126	100	4	6955	1	6909	10	6915	70	6916	10												
a,mk_dye_c1s1_d\0	716	6956	4	4471	1	126	100	4	6956	1	6909	10	6915	70	6916	10												
a,mk_dye_c1d1_d\0	717	6957	4	4472	1	126	100	4	6957	1	6909	10	6915	70	6916	10												
a,mk_dye_d1s1_d\0	718	6958	4	4473	1	126	100	4	6958	1	6909	10	6915	70	6916	10												
a,mk_dye_d1c1_d\0	719	6959	4	4474	1	126	100	4	6959	1	6909	10	6915	70	6916	10												
a,mk_dye_i1m1_d\0	720	6960	4	4475	1	126	100	4	6960	1	6909	10	6915	70	6916	10												
a,mk_dye_i1w1_d\0	721	6961	4	4476	1	126	100	4	6961	1	6909	10	6915	70	6916	10												
a,mk_dye_m1i1_d\0	722	6962	4	4477	1	126	100	4	6962	1	6909	10	6915	70	6916	10												
a,mk_dye_m1w1_d\0	723	6963	4	4478	1	126	100	4	6963	1	6909	10	6915	70	6916	10												
a,mk_dye_w1i1_d\0	724	6964	4	4479	1	126	100	4	6964	1	6909	10	6915	70	6916	10												
a,mk_dye_w1m1_d\0	725	6965	4	4480	1	126	100	4	6965	1	6909	10	6915	70	6916	10												
a,mk_dye_s1c1_c\0	726	6966	4	4553	1	138	100	4	6966	1	6910	5	6915	90	6916	15												
a,mk_dye_s1d1_c\0	727	6967	4	4554	1	138	100	4	6967	1	6910	5	6915	90	6916	15												
a,mk_dye_c1s1_c\0	728	6968	4	4555	1	138	100	4	6968	1	6910	5	6915	90	6916	15												
a,mk_dye_c1c1_c\0	729	6969	4	4556	1	138	100	4	6969	1	6910	5	6915	90	6916	15												
a,mk_dye_d1s1_c\0	730	6970	4	4557	1	138	100	4	6970	1	6910	5	6915	90	6916	15												
a,mk_dye_d1c1_c\0	731	6971	4	4558	1	138	100	4	6971	1	6910	5	6915	90	6916	15												
a,mk_dye_i1m1_c\0	732	6972	4	4559	1	138	100	4	6972	1	6910	5	6915	90	6916	15												
a,mk_dye_i1w1_c\0	733	6973	4	4560	1	138	100	4	6973	1	6910	5	6915	90	6916	15												
a,mk_dye_m1i1_c\0	734	6974	4	4561	1	138	100	4	6974	1	6910	5	6915	90	6916	15												
a,mk_dye_m1w1_c\0	735	6975	4	4562	1	138	100	4	6975	1	6910	5	6915	90	6916	15												
a,mk_dye_w1i1_c\0	736	6976	4	4563	1	138	100	4	6976	1	6910	5	6915	90	6916	15												
a,mk_dye_w1m1_c\0	737	6977	4	4564	1	138	100	4	6977	1	6910	5	6915	90	6916	15												
a,mk_dye_s2c2_c\0	738	6978	5	4589	1	147	100	4	6978	1	6910	7	6915	98	6916	22												
a,mk_dye_s2d2_c\0	739	6979	5	4590	1	147	100	4	6979	1	6910	7	6915	98	6916	22												
a,mk_dye_c2s2_c\0	740	6980	5	4591	1	147	100	4	6980	1	6910	7	6915	98	6916	22												
a,mk_dye_c2c2_c\0	741	6981	5	4592	1	147	100	4	6981	1	6910	7	6915	98	6916	22												
a,mk_dye_d2s2_c\0	742	6982	5	4593	1	147	100	4	6982	1	6910	7	6915	98	6916	22												
a,mk_dye_d2c2_c\0	743	6983	5	4594	1	147	100	4	6983	1	6910	7	6915	98	6916	22												
a,mk_dye_i2m2_c\0	744	6984	5	4595	1	147	100	4	6984	1	6910	7	6915	98	6916	22												
a,mk_dye_i2w2_c\0	745	6985	5	4596	1	147	100	4	6985	1	6910	7	6915	98	6916	22												
a,mk_dye_m2i2_c\0	746	6986	5	4597	1	147	100	4	6986	1	6910	7	6915	98	6916	22												
a,mk_dye_m2w2_c\0	747	6987	5	4598	1	147	100	4	6987	1	6910	7	6915	98	6916	22												
a,mk_dye_w2i2_c\0	748	6988	5	4599	1	147	100	4	6988	1	6910	7	6915	98	6916	22												
a,mk_dye_w2m2_c\0	749	6989	5	4600	1	147	100	4	6989	1	6910	7	6915	98	6916	22												
a,mk_dye_s3c3_c\0	750	6990	5	4601	1	156	100	4	6990	1	6910	12	6915	130	6916	40												
a,mk_dye_s3d3_c\0	751	6991	5	4602	1	156	100	4	6991	1	6910	12	6915	130	6916	40												
a,mk_dye_c3s3_c\0	752	6992	5	4603	1	156	100	4	6992	1	6910	12	6915	130	6916	40												
a,mk_dye_c3c3_c\0	753	6993	5	4604	1	156	100	4	6993	1	6910	12	6915	130	6916	40												
a,mk_dye_d3s3_c\0	754	6994	5	4605	1	156	100	4	6994	1	6910	12	6915	130	6916	40												
a,mk_dye_d3c3_c\0	755	6995	5	4606	1	156	100	4	6995	1	6910	12	6915	130	6916	40												
a,mk_dye_i3m3_c\0	756	6996	5	4607	1	156	100	4	6996	1	6910	12	6915	130	6916	40												
a,mk_dye_i3w3_c\0	757	6997	5	4608	1	156	100	4	6997	1	6910	12	6915	130	6916	40												
a,mk_dye_m3i3_c\0	758	6998	5	4609	1	156	100	4	6998	1	6910	12	6915	130	6916	40												
a,mk_dye_m3w3_c\0	759	6999	5	4610	1	156	100	4	6999	1	6910	12	6915	130	6916	40												
a,mk_dye_w3i3_c\0	760	7000	5	4611	1	156	100	4	7000	1	6910	12	6915	130	6916	40												
a,mk_dye_w3m3_c\0	761	7001	5	4612	1	156	100	4	7001	1	6910	12	6915	130	6916	40												
a,mk_dye_s4c4_c\0	762	7002	6	4613	1	168	100	4	7002	1	6910	16	6915	230	6916	60												
a,mk_dye_s4d4_c\0	763	7003	6	4614	1	168	100	4	7003	1	6910	16	6915	230	6916	60												
a,mk_dye_c4s4_c\0	764	7004	6	4615	1	168	100	4	7004	1	6910	16	6915	230	6916	60												
a,mk_dye_c4c4_c\0	765	7005	6	4616	1	168	100	4	7005	1	6910	16	6915	230	6916	60												
a,mk_dye_d4s4_c\0	766	7006	6	4617	1	168	100	4	7006	1	6910	16	6915	230	6916	60												
a,mk_dye_d4c4_c\0	767	7007	6	4618	1	168	100	4	7007	1	6910	16	6915	230	6916	60												
a,mk_dye_i4m4_c\0	768	7008	6	4619	1	168	100	4	7008	1	6910	16	6915	230	6916	60												
a,mk_dye_i4w4_c\0	769	7009	6	4620	1	168	100	4	7009	1	6910	16	6915	230	6916	60												
a,mk_dye_m4i4_c\0	770	7010	6	4621	1	168	100	4	7010	1	6910	16	6915	230	6916	60												
a,mk_dye_m4w4_c\0	771	7011	6	4622	1	168	100	4	7011	1	6910	16	6915	230	6916	60												
a,mk_dye_w4i4_c\0	772	7012	6	4623	1	168	100	4	7012	1	6910	16	6915	230	6916	60												
a,mk_dye_w4m4_c\0	773	7013	6	4624	1	168	100	4	7013	1	6910	16	6915	230	6916	60												
a,mk_draconic_bow_i\0	774	7580	9	7575	1	225	60	9	7580	1	7579	17	5554	4	1890	375	1888	75	5550	150	4042	75	1462	212	2134	43		
a,mk_draconic_bow_ii\0	775	7581	9	7575	1	225	100	9	7581	1	7579	17	5554	8	1890	695	1888	139	5550	278	4042	139	1462	397	2134	43		
a,mk_racoon_ear\0	776	7689	4	7680	1	138	100	4	7689	1	7684	20	6913	300	6914	150												
a,mk_outlaw_eyepatch\0	777	7690	4	7681	1	138	100	4	7690	1	7685	20	6913	300	6914	150												
a,mk_maidens_hairpin\0	778	7691	4	7682	1	138	100	4	7691	1	7686	20	6913	300	6914	150												
a,mk_rabbit_ear\0	779	7692	4	7683	1	138	100	4	7692	1	7687	20	6913	300	6914	150												
a,mk_cat_ear\0	780	7693	4	6843	1	138	100	4	7693	1	7688	20	6913	300	6914	150												
a,mk_forget_me_not_hairpin\0	781	7699	4	7695	1	138	100	4	7699	1	7697	20	6913	300	6914	150												
a,mk_daisy_hairpin\0	782	7700	4	7696	1	138	100	4	7700	1	7698	20	6913	300	6914	150												
a,mk_iron_sword\0	783	8294	2	7880	1	84	100	6	8327	4	1883	3	1880	60	1879	30	1458	117	2130	34								
a,mk_sword_of_priest\0	784	8301	2	7885	1	84	100	6	8332	4	1883	2	1880	50	1879	50	1458	117	2130	34								
a,mk_giants_sword\0	785	8295	3	7881	1	120	100	6	8328	7	1883	3	1880	210	1879	105	1458	430	2130	139								
a,mk_sword_of_magic_fog\0	786	8302	3	7886	1	120	100	6	8333	7	1883	2	1880	172	1879	172	1458	430	2130	139								
a,mk_mace_of_priest\0	787	8307	3	7890	1	120	100	6	8337	7	1880	128	1879	128	1885	64	1458	430	2130	139								
a,mk_giants_hammer\0	788	8317	3	7896	1	120	100	6	8343	7	1880	176	1879	88	1885	44	1458	430	2130	139								
a,mk_sword_of_paagrio\0	789	8296	5	7882	1	156	100	7	8329	10	1891	3	1890	52	1888	26	5220	104	1459	300	2131	166						
a,mk_horn_of_karik\0	790	8319	5	7898	1	156	100	7	8345	10	1890	72	1888	36	1885	18	5220	90	1459	300	2131	166						
a,mk_mystery_sword\0	791	8303	4	7887	1	138	100	7	8334	8	1891	2	1890	25	1888	25	5220	50	1458	700	2131	81						
a,mk_sword_of_eclipse\0	792	8304	6	7888	1	165	100	7	8335	11	1891	2	1890	76	1888	76	5220	152	1459	410	2131	248						
a,mk_eclipse_axe\0	793	8308	6	7891	1	165	100	7	8338	11	1890	80	1888	80	1885	40	5220	160	1459	410	2131	248						
a,mk_spell_breaker_i\0	794	8310	6	7892	1	174	60	8	8310	1	8339	12	1890	80	1888	80	1885	40	4042	40	1459	325	2132	62				
a,mk_spell_breaker_ii\0	795	8309	6	7892	1	174	100	9	8309	1	8339	12	4045	3	1890	118	1888	118	1885	59	4042	59	1459	499	2132	62		
a,mk_ice_storm_hammer_i\0	796	8322	6	7900	1	174	60	8	8322	1	8347	12	1890	100	1888	50	1885	25	4042	25	1459	360	2132	62				
a,mk_ice_storm_hammer_ii\0	797	8321	6	7900	1	174	100	9	8321	1	8347	12	4045	4	1890	160	1888	80	1885	40	4042	40	1459	353	2132	62		
a,mk_tears_of_wizard_i\0	798	8306	7	7889	1	183	60	8	8306	1	8336	13	1891	2	1890	120	1888	120	4042	60	1460	160	2132	98				
a,mk_tears_of_wizard_ii\0	799	8305	7	7889	1	183	100	8	8305	1	8336	13	4047	2	1890	172	1888	172	4042	86	1460	341	2132	98				
a,mk_bone_of_kaim_vanul_i\0	800	8312	7	7893	1	183	60	8	8312	1	8340	13	1890	120	1888	120	1885	60	4042	60	1460	165	2132	98				
a,mk_bone_of_kaim_vanul_ii\0	801	8311	7	7893	1	183	100	9	8311	1	8340	13	4045	3	1890	172	1888	172	1885	86	4042	86	1460	339	2132	98		
a,mk_star_buster_i\0	802	8324	7	7901	1	183	60	8	8324	1	8348	13	1890	160	1888	80	1885	40	4042	40	1460	168	2132	98				
a,mk_star_buster_ii\0	803	8323	7	7901	1	183	100	9	8323	1	8348	13	4045	4	1890	232	1888	116	1885	58	4042	58	1460	291	2132	98		
a,mk_eye_of_soul_i\0	804	8314	7	7894	1	192	60	10	8314	1	8341	13	4045	3	1890	60	1888	60	1885	30	4042	30	5550	120	1460	215	2132	143
a,mk_eye_of_soul_ii\0	805	8313	7	7894	1	192	100	10	8313	1	8341	13	5554	2	1890	122	1888	122	1885	61	4042	61	5550	244	1460	415	2132	143
a,mk_dragon_flame_head_i\0	806	8316	8	7895	1	201	60	10	8316	1	8342	14	4045	3	1890	98	1888	98	1885	49	4042	49	5550	196	1461	194	2133	74
a,mk_dragon_flame_head_ii\0	807	8315	8	7895	1	201	100	10	8315	1	8342	14	5554	2	1890	194	1888	194	1885	97	4042	97	5550	388	1461	370	2133	74
a,mk_doom_crusher_i\0	808	8326	8	7902	1	201	60	10	8326	1	8349	14	4045	4	1890	148	1888	74	1885	37	4042	37	5550	148	1461	193	2133	74
a,mk_doom_crusher_ii\0	809	8325	8	7902	1	201	100	10	8325	1	8349	14	5554	3	1890	292	1888	146	1885	73	4042	73	5550	292	1461	366	2133	74
a,mk_guardians_sword_i\0	810	8298	7	7883	1	183	60	8	8298	1	8330	13	1891	3	1890	134	1888	67	4042	67	1460	159	2132	98				
a,mk_guardians_sword_ii\0	811	8297	7	7883	1	183	100	8	8297	1	8330	13	4047	3	1890	182	1888	91	4042	91	1460	300	2132	98				
a,mk_hammer_of_destroyer_i\0	812	8487	7	7899	1	192	60	10	8487	1	8346	13	4045	4	1890	84	1888	42	1885	21	4042	21	5550	84	1460	222	2132	143
a,mk_hammer_of_destroyer_ii\0	813	8320	7	7899	1	192	100	10	8320	1	8346	13	5554	3	1890	172	1888	86	1885	43	4042	43	5550	172	1460	419	2132	143
a,mk_inferno_master_i\0	814	8300	7	7884	1	192	60	9	8300	1	8331	13	4047	3	1890	80	5550	40	1888	40	4042	40	1460	230	2132	143		
a,mk_inferno_master_ii\0	815	8299	7	7884	1	192	100	9	8299	1	8331	13	4047	4	1890	196	5550	98	1888	98	4042	98	1460	417	2132	143		
a,mk_dwarven_hammer\0	816	8318	6	7897	1	165	100	7	8344	11	1890	104	1888	52	1885	26	5220	130	1459	420	2131	248						
a,mk_horn_of_reddevil\0	817	8370	4	8187	1	138	100	4	8370	1	8376	20	6913	300	6914	150												
a,mk_wing_of_little_angel\0	818	8371	4	8188	1	138	100	4	8371	1	8377	20	6913	300	6914	150												
a,mk_feeler_of_fairy\0	819	8372	4	8189	1	138	100	4	8372	1	8378	20	6913	300	6914	150												
a,mk_party_hat_i\0	820	8365	6	8184	1	168	70	7	8365	1	8373	20	6913	300	6914	150	8352	450	8357	400	8355	350						
a,mk_party_hat_ii\0	821	8364	6	8184	1	168	100	7	8364	1	8373	20	6913	400	6914	200	8352	700	8357	660	8355	600						
a,mk_chaperon_of_dresser_i\0	822	8367	6	8185	1	168	70	7	8367	1	8374	20	6913	300	6914	150	8351	430	8354	400	8359	365						
a,mk_chaperon_of_dresser_ii\0	823	8366	6	8185	1	168	100	7	8366	1	8374	20	6913	400	6914	200	8351	680	8354	660	8359	620						
a,mk_goggle_of_artisan_i\0	824	8369	6	8186	1	168	70	7	8369	1	8375	20	6913	300	6914	150	8356	430	8358	400	8353	360						
a,mk_goggle_of_artisan_ii\0	825	8368	6	8186	1	168	100	7	8368	1	8375	20	6913	400	6914	200	8356	680	8358	660	8353	600						
a,mk_elixir_of_life_none\0	826	8640	1	8622	10	10	100	2	1785	40	8658	20																
a,mk_elixir_of_life_d\0	827	8641	2	8623	10	30	100	2	1785	130	8658	20																
a,mk_elixir_of_life_c\0	828	8642	3	8624	10	50	100	2	1785	280	8658	20																
a,mk_elixir_of_life_b\0	829	8643	4	8625	10	80	100	2	1785	380	8658	50																
a,mk_elixir_of_life_a\0	830	8644	5	8626	10	110	100	2	1785	480	8658	50																
a,mk_elixir_of_life_s\0	831	8645	6	8627	10	150	100	2	1785	580	8658	50																
a,mk_elixir_of_mental_none\0	832	8646	1	8628	10	10	100	2	3031	30	8658	20																
a,mk_elixir_of_mental_d\0	833	8647	2	8629	10	30	100	2	3031	80	8658	20																
a,mk_elixir_of_mental_c\0	834	8648	3	8630	10	50	100	2	3031	210	8658	30																
a,mk_elixir_of_mental_b\0	835	8649	4	8631	10	80	100	3	3031	260	4043	1	8658	60														
a,mk_elixir_of_mental_a\0	836	8650	5	8632	10	110	100	3	3031	315	4043	2	8658	60														
a,mk_elixir_of_mental_s\0	837	8651	6	8633	10	150	100	3	3031	360	4043	3	8658	60														
a,mk_elixir_of_combative_none\0	838	8652	1	8634	10	10	100	2	1785	20	8658	10																
a,mk_elixir_of_combative_d\0	839	8653	2	8635	10	30	100	2	1785	50	8658	15																
a,mk_elixir_of_combative_c\0	840	8654	3	8636	10	50	100	2	1785	110	8658	25																
a,mk_elixir_of_combative_b\0	841	8655	4	8637	10	80	100	2	1785	140	8658	50																
a,mk_elixir_of_combative_a\0	842	8656	5	8638	10	110	100	2	1785	180	8658	50																
a,mk_elixir_of_combative_s\0	843	8657	6	8639	10	150	100	2	1785	220	8658	50																
a,mk_sirr_blade_i\0	844	8690	8	8678	1	210	60	9	8690	1	8712	15	4047	3	5550	102	1890	204	1888	204	4042	102	1461	254	2133	100		
a,mk_sirr_blade_ii\0	845	8691	8	8678	1	210	100	9	8691	1	8712	15	4047	4	5550	210	1890	420	1888	420	4042	210	1461	480	2133	100		
a,mk_sword_of_ipos_i\0	846	8692	8	8679	1	210	60	9	8692	1	8713	15	4047	3	1890	226	5550	113	1888	113	4042	113	1461	254	2133	100		
a,mk_sword_of_ipos_ii\0	847	8693	8	8679	1	210	100	9	8693	1	8713	15	4047	4	1890	468	5550	234	1888	234	4042	234	1461	480	2133	100		
a,mk_barakiel_axe_i\0	848	8694	8	8680	1	210	60	10	8694	1	8714	15	4045	3	1890	136	5550	272	1888	136	1885	68	4042	68	1461	254	2133	100
a,mk_barakiel_axe_ii\0	849	8695	8	8680	1	210	100	10	8695	1	8714	15	5554	2	1890	264	5550	528	1888	264	1885	132	4042	132	1461	480	2133	100
a,mk_tuning_fork_of_behemoth_i\0	850	8696	8	8681	1	210	60	10	8696	1	8715	15	4045	4	1890	208	5550	208	1888	104	1885	52	4042	52	1461	254	2133	100
a,mk_tuning_fork_of_behemoth_ii\0	851	8697	8	8681	1	210	100	10	8697	1	8715	15	5554	3	1890	404	5550	404	1888	202	1885	101	4042	101	1461	480	2133	100
a,mk_naga_storm_i\0	852	8698	8	8682	1	210	60	9	8698	1	8716	15	4047	3	5550	102	1890	204	1888	204	4042	102	1461	254	2133	100		
a,mk_naga_storm_ii\0	853	8699	8	8682	1	210	100	9	8699	1	8716	15	4047	4	5550	210	1890	420	1888	420	4042	210	1461	480	2133	100		
a,mk_tiphon_spear_i\0	854	8700	8	8683	1	210	60	10	8700	1	8717	15	4045	4	1890	208	5550	208	1888	104	1885	52	4042	52	1461	254	2133	100
a,mk_tiphon_spear_ii\0	855	8701	8	8683	1	210	100	10	8701	1	8717	15	5554	3	1890	404	5550	404	1888	202	1885	101	4042	101	1461	480	2133	100
a,mk_shyid_bow_i\0	856	8702	8	8684	1	210	60	10	8702	1	8718	15	4045	3	1890	340	5550	136	1885	68	1889	68	4042	68	1461	254	2133	100
a,mk_shyid_bow_ii\0	857	8703	8	8684	1	210	100	10	8703	1	8718	15	5554	2	1890	665	5550	266	1885	133	1889	133	4042	133	1461	480	2133	100
a,mk_sobekk_hurricane_i\0	858	8704	8	8685	1	210	60	10	8704	1	8719	15	4045	3	1890	136	5550	272	1888	136	1885	68	4042	68	1461	254	2133	100
a,mk_sobekk_hurricane_ii\0	859	8705	8	8685	1	210	100	10	8705	1	8719	15	5554	2	1890	264	5550	528	1888	264	1885	132	4042	132	1461	480	2133	100
a,mk_tongue_of_themis_i\0	860	8706	8	8686	1	210	60	9	8706	1	8720	15	4047	3	5550	102	1890	204	1888	204	4042	102	1461	254	2133	100		
a,mk_tongue_of_themis_ii\0	861	8707	8	8686	1	210	100	9	8707	1	8720	15	4047	4	5550	210	1890	420	1888	420	4042	210	1461	480	2133	100		
a,mk_hand_of_cabrio_i\0	862	8708	8	8687	1	210	60	10	8708	1	8721	15	4045	3	1893	106	5550	212	1881	212	1889	106	4042	106	1461	254	2133	100
a,mk_hand_of_cabrio_ii\0	863	8709	8	8687	1	210	100	10	8709	1	8721	15	5554	2	1893	207	5550	414	1881	414	1889	207	4042	207	1461	480	2133	100
a,mk_crystal_of_deamon_i\0	864	8710	8	8688	1	210	60	10	8710	1	8722	15	4045	3	1893	106	5550	212	1881	212	1889	106	4042	106	1461	254	2133	100
a,mk_crystal_of_deamon_ii\0	865	8711	8	8688	1	210	100	10	8711	1	8722	15	5554	2	1893	207	5550	414	1881	414	1889	207	4042	207	1461	480	2133	100
